70.407786 0.000500
70.981738 0.001000
71.136381 0.001500
71.226662 0.002000
72.268945 0.002500
72.574174 0.003000
72.836181 0.003500
74.170257 0.004000
74.174530 0.004500
75.044902 0.005000
76.490847 0.005500
77.110640 0.006000
77.214619 0.006500
77.286442 0.007000
77.312749 0.007500
77.599717 0.008000
78.311149 0.008500
79.536328 0.009000
79.834307 0.009500
80.241950 0.010000
80.282167 0.010500
80.660282 0.011000
81.111347 0.011500
81.261071 0.012000
81.425497 0.012500
81.785013 0.013000
82.021123 0.013500
82.508920 0.014000
82.629537 0.014500
82.650648 0.015000
82.691888 0.015500
84.006465 0.016000
84.044622 0.016500
85.007605 0.017000
86.635654 0.017500
87.254115 0.018000
87.446118 0.018500
87.814339 0.019000
87.819898 0.019500
87.912761 0.020000
89.674849 0.020500
89.719292 0.021000
89.806385 0.021500
90.201720 0.022000
91.318243 0.022500
91.346205 0.023000
92.371455 0.023500
93.013927 0.024000
93.103841 0.024500
93.418510 0.025000
93.586083 0.025500
93.845427 0.026000
94.062155 0.026500
94.180498 0.027000
94.629330 0.027500
95.029587 0.028000
95.211680 0.028500
96.937692 0.029000
98.416130 0.029500
99.282251 0.030000
100.165353 0.030500
100.373425 0.031000
100.755398 0.031500
101.347259 0.032000
101.592842 0.032500
101.836325 0.033000
102.267012 0.033500
102.573954 0.034000
102.624590 0.034500
102.718702 0.035000
102.738143 0.035500
104.631741 0.036000
106.323440 0.036500
107.230296 0.037000
107.448735 0.037500
107.464830 0.038000
107.630901 0.038500
108.645431 0.039000
108.731997 0.039500
109.082984 0.040000
109.927222 0.040500
110.230901 0.041000
110.600070 0.041500
111.543309 0.042000
113.421184 0.042500
113.622927 0.043000
113.765223 0.043500
114.020129 0.044000
114.584654 0.044500
114.656870 0.045000
114.983810 0.045500
115.033574 0.046000
115.651490 0.046500
115.920350 0.047000
116.140257 0.047500
116.178665 0.048000
116.288949 0.048500
116.298103 0.049000
116.941616 0.049500
117.571101 0.050000
118.079134 0.050500
118.154218 0.051000
118.869804 0.051500
119.085270 0.052000
119.925353 0.052500
120.105721 0.053000
121.692521 0.053500
121.960317 0.054000
122.773777 0.054500
122.799803 0.055000
123.834613 0.055500
124.402245 0.056000
124.832177 0.056500
125.125416 0.057000
125.631530 0.057500
125.691484 0.058000
126.070509 0.058500
126.433534 0.059000
126.617317 0.059500
126.658723 0.060000
126.932994 0.060500
127.838435 0.061000
128.867711 0.061500
129.059368 0.062000
129.072569 0.062500
129.170888 0.063000
129.273827 0.063500
129.286119 0.064000
129.873872 0.064500
130.852968 0.065000
132.337449 0.065500
132.542003 0.066000
132.610351 0.066500
132.853928 0.067000
133.412529 0.067500
133.793037 0.068000
135.042377 0.068500
135.145112 0.069000
135.584838 0.069500
136.107710 0.070000
136.945756 0.070500
137.352305 0.071000
137.509617 0.071500
139.652121 0.072000
139.866724 0.072500
140.459258 0.073000
140.490137 0.073500
140.780712 0.074000
140.931653 0.074500
141.024916 0.075000
141.087755 0.075500
141.095672 0.076000
141.273821 0.076500
141.504853 0.077000
141.965888 0.077500
142.008319 0.078000
142.919296 0.078500
143.500685 0.079000
143.533529 0.079500
144.312770 0.080000
144.336143 0.080500
144.664092 0.081000
145.926694 0.081500
146.627599 0.082000
146.834434 0.082500
146.969361 0.083000
147.313543 0.083500
148.817238 0.084000
149.373626 0.084500
149.843638 0.085000
150.451227 0.085500
150.612765 0.086000
151.227009 0.086500
151.422319 0.087000
152.974514 0.087500
153.135361 0.088000
153.314992 0.088500
153.981752 0.089000
154.764913 0.089500
154.935107 0.090000
155.284179 0.090500
155.475401 0.091000
155.517546 0.091500
156.266052 0.092000
156.927235 0.092500
157.897989 0.093000
159.046798 0.093500
159.126977 0.094000
159.150485 0.094500
159.184932 0.095000
160.337309 0.095500
160.860639 0.096000
161.136609 0.096500
161.467278 0.097000
161.509404 0.097500
161.892516 0.098000
161.941152 0.098500
163.619859 0.099000
164.447812 0.099500
165.401107 0.100000
165.526327 0.100500
166.528940 0.101000
166.553057 0.101500
166.814948 0.102000
168.053776 0.102500
168.604842 0.103000
170.088445 0.103500
170.666815 0.104000
171.223174 0.104500
171.568603 0.105000
171.825018 0.105500
172.102842 0.106000
172.394498 0.106500
172.589864 0.107000
172.747052 0.107500
174.345236 0.108000
174.456209 0.108500
174.475994 0.109000
174.614860 0.109500
174.823944 0.110000
175.067332 0.110500
175.174244 0.111000
175.695196 0.111500
176.727890 0.112000
177.342774 0.112500
177.363285 0.113000
177.421293 0.113500
179.229529 0.114000
180.025658 0.114500
180.156003 0.115000
182.538669 0.115500
183.116652 0.116000
183.353541 0.116500
183.756340 0.117000
185.603644 0.117500
187.754476 0.118000
188.198651 0.118500
188.810608 0.119000
189.879199 0.119500
190.110268 0.120000
190.374751 0.120500
190.855471 0.121000
191.559726 0.121500
192.798940 0.122000
192.906384 0.122500
194.073875 0.123000
194.460298 0.123500
196.016113 0.124000
196.402470 0.124500
196.624179 0.125000
198.730769 0.125500
200.627399 0.126000
200.676228 0.126500
200.840253 0.127000
200.890935 0.127500
201.057708 0.128000
201.331106 0.128500
201.414929 0.129000
202.166692 0.129500
202.469815 0.130000
203.179733 0.130500
203.610342 0.131000
205.172673 0.131500
206.670769 0.132000
206.949439 0.132500
206.992159 0.133000
207.462621 0.133500
208.937246 0.134000
209.085478 0.134500
209.399932 0.135000
211.032570 0.135500
211.494263 0.136000
212.118208 0.136500
212.491725 0.137000
213.264683 0.137500
213.298843 0.138000
213.491244 0.138500
213.739205 0.139000
213.879054 0.139500
214.400304 0.140000
214.481768 0.140500
215.905234 0.141000
216.699003 0.141500
218.055852 0.142000
219.300311 0.142500
219.361305 0.143000
221.698965 0.143500
222.097133 0.144000
222.625783 0.144500
224.873337 0.145000
227.642994 0.145500
227.718309 0.146000
228.353950 0.146500
229.582880 0.147000
229.757116 0.147500
230.143533 0.148000
230.666518 0.148500
231.093058 0.149000
231.109633 0.149500
231.554730 0.150000
231.967777 0.150500
233.033017 0.151000
234.112907 0.151500
235.360779 0.152000
241.311889 0.152500
241.579417 0.153000
241.933273 0.153500
244.532343 0.154000
247.701391 0.154500
248.552704 0.155000
249.535622 0.155500
249.833345 0.156000
249.896516 0.156500
250.183665 0.157000
250.495308 0.157500
250.669755 0.158000
252.027271 0.158500
252.907242 0.159000
255.913583 0.159500
258.184370 0.160000
259.980673 0.160500
262.142491 0.161000
262.363116 0.161500
266.355427 0.162000
268.258471 0.162500
269.700782 0.163000
271.980891 0.163500
274.109289 0.164000
277.087162 0.164500
277.208438 0.165000
278.118705 0.165500
278.476342 0.166000
280.054121 0.166500
280.544999 0.167000
283.556908 0.167500
285.888427 0.168000
287.496727 0.168500
288.118686 0.169000
288.557528 0.169500
289.495772 0.170000
289.834642 0.170500
289.988086 0.171000
292.485128 0.171500
294.543453 0.172000
297.141790 0.172500
299.258974 0.173000
300.241271 0.173500
301.292063 0.174000
301.641623 0.174500
302.896715 0.175000
303.890894 0.175500
304.722133 0.176000
321.466314 0.176500
322.706937 0.177000
323.274455 0.177500
325.208253 0.178000
326.710396 0.178500
329.011412 0.179000
330.082951 0.179500
338.229352 0.180000
338.804224 0.180500
341.180100 0.181000
342.220394 0.181500
346.062454 0.182000
360.620274 0.182500
370.729198 0.183000
381.881694 0.183500
415.675470 0.184000
418.032833 0.184500
435.579920 0.185000
440.055536 0.185500
444.485178 0.186000
448.446062 0.186500
469.341474 0.187000
485.668116 0.187500
485.728372 0.188000
487.920140 0.188500
495.746191 0.189000
502.650720 0.189500
503.045114 0.190000
517.846095 0.190500
518.054812 0.191000
518.137684 0.191500
520.378661 0.192000
520.803492 0.192500
521.130991 0.193000
528.641002 0.193500
533.394941 0.194000
534.088735 0.194500
534.392688 0.195000
534.822153 0.195500
535.666408 0.196000
536.346188 0.196500
539.234837 0.197000
539.276889 0.197500
541.429454 0.198000
541.447604 0.198500
544.528000 0.199000
546.803355 0.199500
550.199413 0.200000
553.382504 0.200500
554.132642 0.201000
554.421563 0.201500
554.502315 0.202000
557.555438 0.202500
559.498566 0.203000
561.762421 0.203500
564.627869 0.204000
568.024756 0.204500
568.347218 0.205000
570.793218 0.205500
571.128829 0.206000
572.331308 0.206500
572.362031 0.207000
572.986757 0.207500
574.246005 0.208000
576.065510 0.208500
576.072976 0.209000
577.638218 0.209500
578.665052 0.210000
582.255294 0.210500
585.033639 0.211000
585.281367 0.211500
585.322468 0.212000
587.677122 0.212500
591.727972 0.213000
592.302108 0.213500
594.566922 0.214000
594.818009 0.214500
598.901158 0.215000
599.686977 0.215500
600.288522 0.216000
602.024788 0.216500
602.307461 0.217000
602.509491 0.217500
608.389627 0.218000
608.792065 0.218500
608.954267 0.219000
610.025642 0.219500
611.563758 0.220000
617.063801 0.220500
620.376712 0.221000
621.389636 0.221500
622.610276 0.222000
622.791032 0.222500
624.184061 0.223000
625.996350 0.223500
628.388935 0.224000
629.247802 0.224500
630.713886 0.225000
631.923276 0.225500
633.279236 0.226000
633.563345 0.226500
633.728249 0.227000
634.528198 0.227500
637.255052 0.228000
637.887243 0.228500
638.324233 0.229000
638.608341 0.229500
638.905530 0.230000
641.453451 0.230500
641.514590 0.231000
643.914959 0.231500
644.627138 0.232000
647.654460 0.232500
652.721500 0.233000
657.633532 0.233500
658.882887 0.234000
659.476764 0.234500
660.048964 0.235000
660.692695 0.235500
661.502288 0.236000
661.728654 0.236500
661.754425 0.237000
662.967941 0.237500
665.739084 0.238000
665.819150 0.238500
666.042731 0.239000
667.191831 0.239500
670.083848 0.240000
671.060201 0.240500
672.477989 0.241000
674.617925 0.241500
677.029034 0.242000
678.167521 0.242500
679.548746 0.243000
679.772693 0.243500
679.904752 0.244000
680.716034 0.244500
683.912306 0.245000
683.970998 0.245500
684.188763 0.246000
685.163095 0.246500
685.357112 0.247000
685.555027 0.247500
686.311788 0.248000
686.900086 0.248500
693.159842 0.249000
694.458440 0.249500
694.830516 0.250000
694.844719 0.250500
695.200248 0.251000
696.546616 0.251500
699.330694 0.252000
700.369655 0.252500
701.003462 0.253000
702.970272 0.253500
703.032848 0.254000
704.135825 0.254500
704.735258 0.255000
705.077601 0.255500
707.444325 0.256000
708.301010 0.256500
710.942770 0.257000
712.938405 0.257500
713.870764 0.258000
714.190233 0.258500
714.284088 0.259000
716.875250 0.259500
718.378044 0.260000
718.744216 0.260500
719.075081 0.261000
719.238352 0.261500
719.628862 0.262000
719.970131 0.262500
722.108631 0.263000
722.292823 0.263500
723.405672 0.264000
723.770783 0.264500
726.216312 0.265000
726.257748 0.265500
728.335305 0.266000
728.603407 0.266500
729.826305 0.267000
730.530561 0.267500
731.041735 0.268000
731.165552 0.268500
732.742966 0.269000
734.370567 0.269500
734.381063 0.270000
734.550879 0.270500
735.444732 0.271000
736.040480 0.271500
736.381489 0.272000
736.473315 0.272500
739.617996 0.273000
739.822305 0.273500
742.475865 0.274000
744.326621 0.274500
744.707986 0.275000
747.350584 0.275500
748.929016 0.276000
751.142448 0.276500
751.270979 0.277000
751.761298 0.277500
752.777100 0.278000
753.297169 0.278500
754.440455 0.279000
755.200019 0.279500
755.440068 0.280000
756.504314 0.280500
758.097599 0.281000
760.619789 0.281500
761.227464 0.282000
761.541099 0.282500
761.595230 0.283000
763.202733 0.283500
763.650656 0.284000
764.203801 0.284500
764.422685 0.285000
765.514642 0.285500
765.635423 0.286000
766.837751 0.286500
767.213727 0.287000
767.853341 0.287500
768.259697 0.288000
769.955444 0.288500
770.501483 0.289000
770.642401 0.289500
771.754790 0.290000
772.455881 0.290500
773.392976 0.291000
773.667842 0.291500
774.231048 0.292000
775.111513 0.292500
780.490381 0.293000
781.144866 0.293500
781.506111 0.294000
782.929884 0.294500
783.559296 0.295000
783.823309 0.295500
784.406600 0.296000
784.613420 0.296500
785.114063 0.297000
786.412227 0.297500
786.705749 0.298000
786.793150 0.298500
788.775302 0.299000
789.368063 0.299500
789.472528 0.300000
789.686644 0.300500
789.729227 0.301000
789.864872 0.301500
790.412865 0.302000
790.890195 0.302500
791.019970 0.303000
791.079472 0.303500
792.128457 0.304000
792.409607 0.304500
792.430533 0.305000
792.600921 0.305500
793.059814 0.306000
793.066973 0.306500
793.243559 0.307000
794.210370 0.307500
794.443717 0.308000
796.344651 0.308500
796.989136 0.309000
797.081192 0.309500
797.213859 0.310000
797.486176 0.310500
798.731795 0.311000
798.874018 0.311500
799.427815 0.312000
799.463311 0.312500
799.797753 0.313000
801.922132 0.313500
801.968091 0.314000
803.292745 0.314500
804.038299 0.315000
804.041210 0.315500
804.108899 0.316000
804.157597 0.316500
804.663543 0.317000
806.514658 0.317500
807.693176 0.318000
807.719195 0.318500
808.621923 0.319000
809.853811 0.319500
810.124058 0.320000
810.328667 0.320500
811.043302 0.321000
811.346653 0.321500
811.657899 0.322000
813.358930 0.322500
813.761885 0.323000
814.102654 0.323500
814.297234 0.324000
814.640884 0.324500
814.862459 0.325000
816.617554 0.325500
816.892362 0.326000
817.217824 0.326500
818.597386 0.327000
818.783164 0.327500
819.285908 0.328000
819.836324 0.328500
822.461059 0.329000
823.372502 0.329500
823.532144 0.330000
824.086676 0.330500
824.590257 0.331000
825.123777 0.331500
826.934416 0.332000
828.250293 0.332500
828.338932 0.333000
828.369612 0.333500
829.058778 0.334000
829.448216 0.334500
829.492758 0.335000
831.244478 0.335500
831.552994 0.336000
831.908702 0.336500
832.468272 0.337000
834.241092 0.337500
835.298958 0.338000
836.142159 0.338500
836.242728 0.339000
836.422983 0.339500
836.921581 0.340000
837.377363 0.340500
838.467245 0.341000
838.816107 0.341500
838.898852 0.342000
838.939439 0.342500
839.261616 0.343000
842.104765 0.343500
842.352416 0.344000
843.460138 0.344500
843.804526 0.345000
843.969675 0.345500
844.747923 0.346000
844.912257 0.346500
844.985645 0.347000
845.264537 0.347500
845.684102 0.348000
846.028398 0.348500
848.658881 0.349000
848.915538 0.349500
849.327929 0.350000
849.519414 0.350500
850.098040 0.351000
850.286949 0.351500
851.242028 0.352000
851.687406 0.352500
851.966131 0.353000
852.668188 0.353500
852.995622 0.354000
853.347191 0.354500
854.119204 0.355000
854.198552 0.355500
854.334948 0.356000
854.398826 0.356500
854.989253 0.357000
854.995652 0.357500
855.377639 0.358000
855.875848 0.358500
856.465580 0.359000
857.018355 0.359500
857.018710 0.360000
857.147802 0.360500
857.249601 0.361000
857.572190 0.361500
857.884070 0.362000
857.906694 0.362500
858.046307 0.363000
860.500563 0.363500
860.534154 0.364000
860.562695 0.364500
860.941352 0.365000
860.984097 0.365500
861.216115 0.366000
861.397973 0.366500
862.978730 0.367000
863.081247 0.367500
863.256071 0.368000
864.621414 0.368500
865.037323 0.369000
865.149338 0.369500
865.311089 0.370000
865.486288 0.370500
866.797597 0.371000
867.886439 0.371500
868.081513 0.372000
870.134505 0.372500
870.336948 0.373000
870.406723 0.373500
870.464279 0.374000
871.530532 0.374500
873.145027 0.375000
873.446665 0.375500
875.344824 0.376000
875.388205 0.376500
876.842820 0.377000
877.901743 0.377500
878.136105 0.378000
878.564578 0.378500
878.588349 0.379000
878.891967 0.379500
880.229887 0.380000
880.325002 0.380500
880.417708 0.381000
880.440148 0.381500
880.903177 0.382000
881.090907 0.382500
881.614049 0.383000
883.366365 0.383500
883.382356 0.384000
883.570621 0.384500
884.048505 0.385000
884.226292 0.385500
884.719854 0.386000
884.976341 0.386500
885.405486 0.387000
886.919102 0.387500
888.311356 0.388000
888.680984 0.388500
889.499226 0.389000
890.653552 0.389500
890.720056 0.390000
890.959377 0.390500
891.359467 0.391000
891.493505 0.391500
891.534606 0.392000
892.076577 0.392500
892.332469 0.393000
893.542907 0.393500
894.319223 0.394000
895.933694 0.394500
898.139383 0.395000
898.851573 0.395500
898.862137 0.396000
899.867944 0.396500
900.005750 0.397000
900.057012 0.397500
900.452356 0.398000
901.240229 0.398500
902.048151 0.399000
902.153165 0.399500
902.554555 0.400000
902.674048 0.400500
903.716787 0.401000
904.875784 0.401500
905.886777 0.402000
905.949908 0.402500
906.772149 0.403000
906.845912 0.403500
907.628943 0.404000
907.698961 0.404500
908.975842 0.405000
911.344765 0.405500
911.785561 0.406000
911.822838 0.406500
911.982639 0.407000
913.101230 0.407500
913.443355 0.408000
914.185966 0.408500
914.742746 0.409000
915.206636 0.409500
916.424358 0.410000
916.790382 0.410500
918.212902 0.411000
919.288906 0.411500
920.434583 0.412000
921.997096 0.412500
922.152594 0.413000
922.376761 0.413500
922.551682 0.414000
922.989531 0.414500
923.264100 0.415000
923.278348 0.415500
923.287303 0.416000
923.388055 0.416500
925.921449 0.417000
926.190596 0.417500
929.644094 0.418000
930.020555 0.418500
930.371077 0.419000
930.921046 0.419500
932.042355 0.420000
932.379651 0.420500
932.650093 0.421000
932.889499 0.421500
933.071759 0.422000
933.241216 0.422500
933.420668 0.423000
934.698058 0.423500
934.995752 0.424000
937.802769 0.424500
937.982161 0.425000
938.513677 0.425500
938.853421 0.426000
939.012981 0.426500
939.924349 0.427000
939.938686 0.427500
939.949165 0.428000
940.914149 0.428500
942.781749 0.429000
943.165852 0.429500
943.617915 0.430000
944.588307 0.430500
945.298064 0.431000
946.106742 0.431500
947.510295 0.432000
947.537853 0.432500
947.784349 0.433000
948.705411 0.433500
949.032171 0.434000
949.186514 0.434500
949.391565 0.435000
949.951849 0.435500
950.733674 0.436000
950.919111 0.436500
950.996702 0.437000
951.280207 0.437500
951.660860 0.438000
951.857081 0.438500
952.252405 0.439000
952.787414 0.439500
953.680957 0.440000
954.838074 0.440500
955.991554 0.441000
956.592538 0.441500
956.937218 0.442000
957.702822 0.442500
957.922431 0.443000
958.453412 0.443500
958.970632 0.444000
959.508631 0.444500
960.383733 0.445000
961.109165 0.445500
961.118255 0.446000
961.341822 0.446500
961.544096 0.447000
962.279702 0.447500
963.353580 0.448000
963.397959 0.448500
963.720363 0.449000
965.899371 0.449500
967.933270 0.450000
968.318019 0.450500
968.729456 0.451000
969.522152 0.451500
969.939212 0.452000
970.377411 0.452500
970.460461 0.453000
971.244834 0.453500
972.319427 0.454000
972.548463 0.454500
973.291943 0.455000
974.047066 0.455500
974.052396 0.456000
974.061213 0.456500
974.315296 0.457000
975.060477 0.457500
975.139555 0.458000
975.522500 0.458500
975.558409 0.459000
976.117496 0.459500
976.369030 0.460000
976.828829 0.460500
977.652710 0.461000
979.590102 0.461500
980.385696 0.462000
980.827113 0.462500
981.575454 0.463000
981.794727 0.463500
981.839259 0.464000
982.969246 0.464500
983.325644 0.465000
983.779348 0.465500
984.521030 0.466000
986.008688 0.466500
988.288742 0.467000
993.063376 0.467500
994.930173 0.468000
995.238993 0.468500
995.704146 0.469000
996.519744 0.469500
998.754958 0.470000
998.983750 0.470500
999.288524 0.471000
999.307457 0.471500
999.340150 0.472000
999.890672 0.472500
1000.686712 0.473000
1000.840244 0.473500
1003.506778 0.474000
1003.816891 0.474500
1004.530393 0.475000
1004.872936 0.475500
1006.288412 0.476000
1006.624836 0.476500
1006.664711 0.477000
1007.258409 0.477500
1007.643024 0.478000
1008.008480 0.478500
1008.141089 0.479000
1008.254403 0.479500
1008.818943 0.480000
1010.440797 0.480500
1011.618237 0.481000
1012.133525 0.481500
1012.967652 0.482000
1013.701865 0.482500
1014.565006 0.483000
1014.943836 0.483500
1015.057411 0.484000
1015.471151 0.484500
1017.347633 0.485000
1017.628178 0.485500
1019.478704 0.486000
1019.938620 0.486500
1020.122076 0.487000
1021.629409 0.487500
1022.223846 0.488000
1024.113975 0.488500
1024.582057 0.489000
1024.684867 0.489500
1026.122647 0.490000
1027.372838 0.490500
1029.915232 0.491000
1031.099149 0.491500
1033.420804 0.492000
1035.128752 0.492500
1036.429065 0.493000
1038.873062 0.493500
1040.830063 0.494000
1041.985306 0.494500
1043.478717 0.495000
1045.088446 0.495500
1046.129532 0.496000
1046.225012 0.496500
1046.682152 0.497000
1046.762451 0.497500
1048.687678 0.498000
1048.981884 0.498500
1049.293178 0.499000
1049.518943 0.499500
1049.592379 0.500000
1050.053370 0.500500
1053.869479 0.501000
1054.509758 0.501500
1056.820230 0.502000
1057.760167 0.502500
1057.779457 0.503000
1057.846739 0.503500
1058.250819 0.504000
1058.449630 0.504500
1058.533099 0.505000
1058.641042 0.505500
1061.484296 0.506000
1061.915990 0.506500
1062.184356 0.507000
1063.319606 0.507500
1064.660180 0.508000
1066.157052 0.508500
1066.445483 0.509000
1066.956510 0.509500
1067.764722 0.510000
1068.547741 0.510500
1068.603219 0.511000
1068.863264 0.511500
1069.060481 0.512000
1069.070287 0.512500
1069.420967 0.513000
1069.795246 0.513500
1069.860438 0.514000
1069.918889 0.514500
1072.383794 0.515000
1073.391299 0.515500
1073.648461 0.516000
1074.033560 0.516500
1074.484775 0.517000
1074.515790 0.517500
1077.587572 0.518000
1078.128234 0.518500
1078.610781 0.519000
1079.801935 0.519500
1079.814978 0.520000
1080.663509 0.520500
1081.030107 0.521000
1082.144729 0.521500
1082.387454 0.522000
1083.545601 0.522500
1084.277297 0.523000
1084.409818 0.523500
1085.601661 0.524000
1086.207999 0.524500
1087.285494 0.525000
1087.899558 0.525500
1088.047847 0.526000
1089.350035 0.526500
1090.080773 0.527000
1090.734994 0.527500
1091.002626 0.528000
1092.789098 0.528500
1093.132195 0.529000
1093.373434 0.529500
1094.748615 0.530000
1096.523064 0.530500
1096.722458 0.531000
1096.911761 0.531500
1098.223178 0.532000
1098.623534 0.532500
1099.898927 0.533000
1100.189071 0.533500
1100.235846 0.534000
1102.037530 0.534500
1102.292014 0.535000
1104.021455 0.535500
1104.272978 0.536000
1104.305994 0.536500
1104.970869 0.537000
1105.515714 0.537500
1106.017541 0.538000
1107.149331 0.538500
1107.525534 0.539000
1107.727653 0.539500
1109.112954 0.540000
1110.763620 0.540500
1111.332771 0.541000
1111.796509 0.541500
1112.124382 0.542000
1112.139456 0.542500
1113.131046 0.543000
1114.194832 0.543500
1114.223928 0.544000
1117.681171 0.544500
1117.947216 0.545000
1120.741648 0.545500
1120.763834 0.546000
1121.151025 0.546500
1122.094498 0.547000
1123.565970 0.547500
1124.999204 0.548000
1125.030536 0.548500
1125.904226 0.549000
1126.304374 0.549500
1127.582025 0.550000
1130.830333 0.550500
1131.122099 0.551000
1132.901638 0.551500
1133.239015 0.552000
1133.570721 0.552500
1133.666616 0.553000
1133.897499 0.553500
1134.213296 0.554000
1134.473321 0.554500
1134.718508 0.555000
1134.776255 0.555500
1136.283945 0.556000
1136.427453 0.556500
1137.206295 0.557000
1139.284806 0.557500
1139.932997 0.558000
1140.416616 0.558500
1140.628675 0.559000
1141.532000 0.559500
1143.159339 0.560000
1143.683929 0.560500
1143.813309 0.561000
1145.479343 0.561500
1146.260045 0.562000
1147.646281 0.562500
1147.824503 0.563000
1148.320811 0.563500
1148.341812 0.564000
1148.976069 0.564500
1150.175489 0.565000
1151.659589 0.565500
1152.018722 0.566000
1152.639130 0.566500
1153.950979 0.567000
1154.047396 0.567500
1154.933213 0.568000
1155.784576 0.568500
1155.816754 0.569000
1156.725148 0.569500
1157.330640 0.570000
1157.374352 0.570500
1158.162790 0.571000
1158.928905 0.571500
1159.045291 0.572000
1160.494757 0.572500
1160.529753 0.573000
1160.856252 0.573500
1164.114974 0.574000
1164.620479 0.574500
1165.008710 0.575000
1165.963171 0.575500
1166.279836 0.576000
1166.986197 0.576500
1167.105357 0.577000
1167.214861 0.577500
1167.746220 0.578000
1168.144843 0.578500
1170.026335 0.579000
1170.917194 0.579500
1171.989933 0.580000
1172.273626 0.580500
1172.599592 0.581000
1174.546494 0.581500
1174.641330 0.582000
1175.214598 0.582500
1175.590785 0.583000
1176.120871 0.583500
1177.090972 0.584000
1178.358382 0.584500
1179.129703 0.585000
1181.154010 0.585500
1182.355738 0.586000
1182.986683 0.586500
1183.047791 0.587000
1186.415476 0.587500
1186.568028 0.588000
1186.612627 0.588500
1187.405824 0.589000
1188.159138 0.589500
1188.204888 0.590000
1189.133704 0.590500
1189.882432 0.591000
1191.790384 0.591500
1191.921167 0.592000
1193.219155 0.592500
1194.806207 0.593000
1196.471282 0.593500
1197.517522 0.594000
1198.512327 0.594500
1198.942472 0.595000
1200.076929 0.595500
1200.700704 0.596000
1200.860057 0.596500
1201.773287 0.597000
1202.687376 0.597500
1204.332812 0.598000
1204.777756 0.598500
1204.980997 0.599000
1205.339722 0.599500
1205.908561 0.600000
1207.554235 0.600500
1208.612435 0.601000
1211.474751 0.601500
1212.133982 0.602000
1213.389533 0.602500
1216.121384 0.603000
1216.926267 0.603500
1218.476323 0.604000
1220.918505 0.604500
1221.180477 0.605000
1221.533490 0.605500
1222.190116 0.606000
1222.233589 0.606500
1223.705990 0.607000
1224.127843 0.607500
1226.335951 0.608000
1227.048679 0.608500
1227.293205 0.609000
1227.773197 0.609500
1230.402261 0.610000
1231.198056 0.610500
1233.477213 0.611000
1233.579336 0.611500
1234.016934 0.612000
1235.867886 0.612500
1237.531680 0.613000
1238.737850 0.613500
1240.249414 0.614000
1240.374709 0.614500
1241.224403 0.615000
1241.560625 0.615500
1246.654278 0.616000
1248.679979 0.616500
1249.340124 0.617000
1250.294886 0.617500
1252.110966 0.618000
1252.419218 0.618500
1254.864630 0.619000
1255.220386 0.619500
1257.284177 0.620000
1257.974023 0.620500
1259.411013 0.621000
1260.127368 0.621500
1260.256189 0.622000
1260.668631 0.622500
1261.588500 0.623000
1263.851867 0.623500
1263.887274 0.624000
1263.941257 0.624500
1266.880387 0.625000
1267.435664 0.625500
1268.583110 0.626000
1271.053942 0.626500
1271.611177 0.627000
1275.501558 0.627500
1278.033468 0.628000
1279.624850 0.628500
1279.837670 0.629000
1280.453042 0.629500
1281.137086 0.630000
1281.344845 0.630500
1282.827421 0.631000
1284.495059 0.631500
1285.760135 0.632000
1286.133178 0.632500
1286.350254 0.633000
1288.869894 0.633500
1288.929447 0.634000
1290.008103 0.634500
1291.775892 0.635000
1293.781283 0.635500
1294.789221 0.636000
1294.797765 0.636500
1297.615981 0.637000
1299.040478 0.637500
1299.714374 0.638000
1305.478769 0.638500
1306.473842 0.639000
1306.639494 0.639500
1308.192250 0.640000
1309.088975 0.640500
1310.971834 0.641000
1317.238761 0.641500
1318.309362 0.642000
1318.543808 0.642500
1321.335784 0.643000
1323.249905 0.643500
1323.804422 0.644000
1324.566778 0.644500
1325.404377 0.645000
1328.172039 0.645500
1329.175845 0.646000
1329.221707 0.646500
1329.269700 0.647000
1330.598299 0.647500
1331.416077 0.648000
1331.692901 0.648500
1336.313758 0.649000
1337.852744 0.649500
1339.008957 0.650000
1341.108153 0.650500
1342.467768 0.651000
1343.219119 0.651500
1344.056475 0.652000
1344.168952 0.652500
1346.708886 0.653000
1346.927943 0.653500
1346.995331 0.654000
1349.207921 0.654500
1349.684828 0.655000
1350.307352 0.655500
1352.244098 0.656000
1352.595870 0.656500
1354.370370 0.657000
1355.011124 0.657500
1355.419151 0.658000
1355.828083 0.658500
1357.381195 0.659000
1359.686323 0.659500
1361.476232 0.660000
1361.943078 0.660500
1362.892898 0.661000
1363.081541 0.661500
1363.770299 0.662000
1364.382278 0.662500
1365.660957 0.663000
1367.403465 0.663500
1367.951680 0.664000
1369.020484 0.664500
1369.672746 0.665000
1369.743468 0.665500
1370.125028 0.666000
1370.964320 0.666500
1371.240468 0.667000
1371.482710 0.667500
1371.767307 0.668000
1371.802013 0.668500
1373.067093 0.669000
1374.683360 0.669500
1376.005941 0.670000
1377.310863 0.670500
1377.313319 0.671000
1377.455064 0.671500
1377.737486 0.672000
1377.806866 0.672500
1378.472119 0.673000
1381.644336 0.673500
1382.118467 0.674000
1382.742018 0.674500
1383.484335 0.675000
1383.931624 0.675500
1385.185944 0.676000
1388.129573 0.676500
1389.064198 0.677000
1389.661499 0.677500
1390.318410 0.678000
1390.428532 0.678500
1390.821805 0.679000
1391.561068 0.679500
1392.396268 0.680000
1394.985535 0.680500
1395.326137 0.681000
1395.388438 0.681500
1396.163372 0.682000
1396.673752 0.682500
1396.801146 0.683000
1396.836866 0.683500
1397.862148 0.684000
1398.657921 0.684500
1398.755201 0.685000
1399.380727 0.685500
1400.305939 0.686000
1400.807440 0.686500
1401.954608 0.687000
1402.804000 0.687500
1404.254925 0.688000
1404.644442 0.688500
1404.772976 0.689000
1405.052050 0.689500
1405.679804 0.690000
1405.850778 0.690500
1406.160776 0.691000
1406.943778 0.691500
1407.035556 0.692000
1407.797343 0.692500
1408.171242 0.693000
1408.975743 0.693500
1411.595618 0.694000
1412.709911 0.694500
1413.291677 0.695000
1414.077183 0.695500
1415.604431 0.696000
1415.646773 0.696500
1416.240404 0.697000
1417.065982 0.697500
1417.670038 0.698000
1418.044403 0.698500
1418.873543 0.699000
1419.044716 0.699500
1420.095939 0.700000
1420.147130 0.700500
1421.567883 0.701000
1424.256392 0.701500
1425.641218 0.702000
1426.215871 0.702500
1426.480704 0.703000
1427.686634 0.703500
1430.049352 0.704000
1430.597859 0.704500
1431.256873 0.705000
1434.051001 0.705500
1434.473988 0.706000
1434.669389 0.706500
1434.713600 0.707000
1436.904351 0.707500
1438.509433 0.708000
1438.719442 0.708500
1439.615606 0.709000
1441.912000 0.709500
1442.280136 0.710000
1443.296068 0.710500
1443.486190 0.711000
1444.077358 0.711500
1444.842522 0.712000
1445.831827 0.712500
1446.071095 0.713000
1447.469499 0.713500
1448.415763 0.714000
1448.576143 0.714500
1449.017218 0.715000
1449.179061 0.715500
1450.398154 0.716000
1450.554572 0.716500
1451.585382 0.717000
1451.632307 0.717500
1452.601429 0.718000
1453.676784 0.718500
1454.271671 0.719000
1454.874201 0.719500
1455.048244 0.720000
1455.545548 0.720500
1456.818243 0.721000
1460.123284 0.721500
1461.192198 0.722000
1462.160750 0.722500
1462.499918 0.723000
1465.052808 0.723500
1465.147626 0.724000
1465.347232 0.724500
1469.673238 0.725000
1471.308139 0.725500
1472.379664 0.726000
1472.907519 0.726500
1474.226285 0.727000
1474.564211 0.727500
1475.154168 0.728000
1476.142319 0.728500
1476.929472 0.729000
1477.708685 0.729500
1478.792493 0.730000
1478.918132 0.730500
1479.948953 0.731000
1480.701084 0.731500
1481.420658 0.732000
1481.689852 0.732500
1483.987256 0.733000
1485.092797 0.733500
1485.139068 0.734000
1486.258847 0.734500
1487.326514 0.735000
1487.571124 0.735500
1488.082016 0.736000
1490.831841 0.736500
1491.197232 0.737000
1492.149870 0.737500
1492.526913 0.738000
1492.798130 0.738500
1492.806249 0.739000
1493.079565 0.739500
1494.459354 0.740000
1495.205468 0.740500
1495.402755 0.741000
1496.229769 0.741500
1497.189468 0.742000
1497.373180 0.742500
1497.670093 0.743000
1497.960214 0.743500
1498.056859 0.744000
1498.209951 0.744500
1498.581617 0.745000
1498.753122 0.745500
1498.785239 0.746000
1499.083523 0.746500
1501.069888 0.747000
1501.114407 0.747500
1502.225515 0.748000
1503.376581 0.748500
1503.531318 0.749000
1503.635983 0.749500
1504.550133 0.750000
1505.201014 0.750500
1506.640667 0.751000
1507.645028 0.751500
1508.742913 0.752000
1508.890194 0.752500
1511.023012 0.753000
1512.891547 0.753500
1513.680581 0.754000
1515.276708 0.754500
1515.620436 0.755000
1516.525950 0.755500
1516.765043 0.756000
1516.965061 0.756500
1517.488154 0.757000
1517.926689 0.757500
1520.163103 0.758000
1521.292105 0.758500
1521.654121 0.759000
1523.314153 0.759500
1523.403228 0.760000
1523.800930 0.760500
1525.198044 0.761000
1526.479789 0.761500
1526.601299 0.762000
1526.992693 0.762500
1527.867769 0.763000
1528.531993 0.763500
1530.030553 0.764000
1530.475040 0.764500
1532.731807 0.765000
1532.974070 0.765500
1533.553157 0.766000
1534.762179 0.766500
1534.789029 0.767000
1535.130394 0.767500
1536.348126 0.768000
1537.354737 0.768500
1540.658902 0.769000
1540.737720 0.769500
1541.978268 0.770000
1543.012970 0.770500
1545.448565 0.771000
1547.137948 0.771500
1547.386415 0.772000
1548.084885 0.772500
1549.235477 0.773000
1551.110721 0.773500
1551.514310 0.774000
1552.271770 0.774500
1552.692146 0.775000
1552.847886 0.775500
1553.067930 0.776000
1554.466527 0.776500
1556.834781 0.777000
1557.809269 0.777500
1558.796204 0.778000
1562.953201 0.778500
1563.563905 0.779000
1563.697880 0.779500
1564.697119 0.780000
1565.155131 0.780500
1566.726768 0.781000
1566.837753 0.781500
1567.641855 0.782000
1569.090314 0.782500
1570.506587 0.783000
1571.886004 0.783500
1571.909036 0.784000
1571.987359 0.784500
1574.144019 0.785000
1574.853948 0.785500
1576.807579 0.786000
1577.637119 0.786500
1577.660543 0.787000
1578.485788 0.787500
1578.607760 0.788000
1579.375722 0.788500
1581.855082 0.789000
1582.305315 0.789500
1582.435319 0.790000
1583.538295 0.790500
1583.553499 0.791000
1583.670993 0.791500
1583.913875 0.792000
1586.862436 0.792500
1587.631399 0.793000
1588.578364 0.793500
1589.774405 0.794000
1589.955042 0.794500
1590.349537 0.795000
1590.566864 0.795500
1591.052893 0.796000
1591.732050 0.796500
1612.265531 0.797000
1612.503915 0.797500
1612.618137 0.798000
1612.688410 0.798500
1613.607405 0.799000
1614.023122 0.799500
1614.174319 0.800000
1614.734060 0.800500
1617.423596 0.801000
1618.503756 0.801500
1620.855279 0.802000
1621.135203 0.802500
1622.328754 0.803000
1623.787615 0.803500
1625.683188 0.804000
1626.876352 0.804500
1627.174592 0.805000
1632.086524 0.805500
1632.794684 0.806000
1635.900591 0.806500
1636.728011 0.807000
1638.316555 0.807500
1639.405280 0.808000
1639.413542 0.808500
1639.664554 0.809000
1640.493151 0.809500
1641.492012 0.810000
1641.777700 0.810500
1642.541721 0.811000
1642.649777 0.811500
1643.305315 0.812000
1644.387704 0.812500
1644.947195 0.813000
1645.433431 0.813500
1646.276541 0.814000
1647.278531 0.814500
1647.376660 0.815000
1648.268910 0.815500
1648.350818 0.816000
1648.479522 0.816500
1648.676607 0.817000
1649.353954 0.817500
1650.960339 0.818000
1651.684772 0.818500
1652.176048 0.819000
1654.444066 0.819500
1654.650212 0.820000
1656.774944 0.820500
1657.625644 0.821000
1660.289221 0.821500
1661.878825 0.822000
1661.943566 0.822500
1662.748987 0.823000
1663.281005 0.823500
1664.049844 0.824000
1664.087471 0.824500
1664.326856 0.825000
1664.462768 0.825500
1665.117402 0.826000
1666.339853 0.826500
1667.475373 0.827000
1668.382322 0.827500
1668.912178 0.828000
1669.886949 0.828500
1669.968634 0.829000
1672.960526 0.829500
1673.364924 0.830000
1674.126663 0.830500
1674.950114 0.831000
1678.300656 0.831500
1679.605120 0.832000
1681.692412 0.832500
1682.047162 0.833000
1682.097686 0.833500
1682.303018 0.834000
1682.750951 0.834500
1683.167258 0.835000
1683.873560 0.835500
1685.193007 0.836000
1686.605171 0.836500
1687.101372 0.837000
1688.768466 0.837500
1688.837360 0.838000
1689.017514 0.838500
1689.157448 0.839000
1689.401078 0.839500
1689.524569 0.840000
1690.318693 0.840500
1690.958022 0.841000
1692.324453 0.841500
1693.577202 0.842000
1693.782989 0.842500
1693.856512 0.843000
1694.721887 0.843500
1696.336683 0.844000
1696.412251 0.844500
1696.476598 0.845000
1697.993996 0.845500
1698.775005 0.846000
1699.523517 0.846500
1701.128676 0.847000
1702.494444 0.847500
1703.376689 0.848000
1703.853050 0.848500
1704.054858 0.849000
1705.592931 0.849500
1706.387055 0.850000
1706.927953 0.850500
1706.947410 0.851000
1707.984269 0.851500
1709.206121 0.852000
1709.495816 0.852500
1709.878661 0.853000
1710.228837 0.853500
1712.821225 0.854000
1714.474543 0.854500
1714.856507 0.855000
1716.806179 0.855500
1717.844176 0.856000
1720.232193 0.856500
1720.901433 0.857000
1721.103914 0.857500
1721.499368 0.858000
1722.146514 0.858500
1722.311704 0.859000
1722.556939 0.859500
1722.730091 0.860000
1724.189532 0.860500
1724.420977 0.861000
1725.112992 0.861500
1725.306341 0.862000
1732.888905 0.862500
1733.216986 0.863000
1733.972055 0.863500
1734.135971 0.864000
1734.222524 0.864500
1734.739178 0.865000
1739.564440 0.865500
1741.222969 0.866000
1743.051990 0.866500
1743.231531 0.867000
1744.355653 0.867500
1746.642134 0.868000
1746.773003 0.868500
1749.440232 0.869000
1750.434036 0.869500
1751.824412 0.870000
1752.235395 0.870500
1752.979933 0.871000
1753.388353 0.871500
1754.568619 0.872000
1756.283591 0.872500
1757.821157 0.873000
1761.601535 0.873500
1762.466805 0.874000
1762.649785 0.874500
1765.915911 0.875000
1766.873978 0.875500
1767.975201 0.876000
1768.273469 0.876500
1768.757809 0.877000
1769.227980 0.877500
1770.468032 0.878000
1770.705826 0.878500
1772.037113 0.879000
1773.698846 0.879500
1776.527550 0.880000
1778.045021 0.880500
1778.751218 0.881000
1778.928091 0.881500
1779.928993 0.882000
1780.369877 0.882500
1784.327351 0.883000
1787.575740 0.883500
1787.879776 0.884000
1787.880781 0.884500
1787.897327 0.885000
1787.948651 0.885500
1790.010847 0.886000
1790.245314 0.886500
1790.386408 0.887000
1790.819599 0.887500
1792.029684 0.888000
1792.593341 0.888500
1792.785369 0.889000
1794.787856 0.889500
1795.252400 0.890000
1795.314896 0.890500
1796.603001 0.891000
1796.998293 0.891500
1797.357242 0.892000
1797.483173 0.892500
1797.865727 0.893000
1798.663988 0.893500
1801.053487 0.894000
1801.622617 0.894500
1802.334547 0.895000
1802.542503 0.895500
1802.916722 0.896000
1802.978562 0.896500
1803.048152 0.897000
1803.246186 0.897500
1804.039703 0.898000
1804.642763 0.898500
1806.034706 0.899000
1807.093378 0.899500
1807.722004 0.900000
1807.784718 0.900500
1808.624837 0.901000
1808.929448 0.901500
1809.285722 0.902000
1810.811076 0.902500
1811.167835 0.903000
1812.391232 0.903500
1812.470010 0.904000
1816.548698 0.904500
1816.965489 0.905000
1817.298079 0.905500
1819.018268 0.906000
1819.590126 0.906500
1820.146980 0.907000
1823.064521 0.907500
1824.234060 0.908000
1825.119763 0.908500
1826.449054 0.909000
1827.254485 0.909500
1827.373223 0.910000
1827.566807 0.910500
1827.598282 0.911000
1828.538476 0.911500
1829.127713 0.912000
1829.206959 0.912500
1829.231934 0.913000
1830.801136 0.913500
1832.444233 0.914000
1832.599413 0.914500
1832.945699 0.915000
1834.563684 0.915500
1835.140152 0.916000
1837.571420 0.916500
1837.818447 0.917000
1838.518985 0.917500
1838.533144 0.918000
1838.683909 0.918500
1838.986068 0.919000
1840.443384 0.919500
1840.516824 0.920000
1841.394555 0.920500
1842.388724 0.921000
1842.714623 0.921500
1844.174597 0.922000
1845.334804 0.922500
1845.609073 0.923000
1848.090894 0.923500
1848.103399 0.924000
1850.140790 0.924500
1850.335982 0.925000
1851.811955 0.925500
1851.946125 0.926000
1852.157139 0.926500
1854.455019 0.927000
1855.065834 0.927500
1855.190489 0.928000
1855.986469 0.928500
1857.694538 0.929000
1858.729945 0.929500
1858.810797 0.930000
1859.124092 0.930500
1861.045448 0.931000
1861.411030 0.931500
1861.426036 0.932000
1862.401641 0.932500
1863.012151 0.933000
1863.542827 0.933500
1864.833002 0.934000
1864.995543 0.934500
1865.069229 0.935000
1865.179813 0.935500
1865.700476 0.936000
1867.309360 0.936500
1867.924681 0.937000
1868.743357 0.937500
1869.250041 0.938000
1871.857534 0.938500
1871.977617 0.939000
1872.588186 0.939500
1872.881921 0.940000
1876.632789 0.940500
1876.649033 0.941000
1877.645311 0.941500
1877.919503 0.942000
1881.170265 0.942500
1881.735258 0.943000
1882.797925 0.943500
1882.910848 0.944000
1883.711530 0.944500
1884.677351 0.945000
1885.814955 0.945500
1886.449146 0.946000
1887.464384 0.946500
1888.420016 0.947000
1894.945494 0.947500
1895.873693 0.948000
1898.767817 0.948500
1899.394786 0.949000
1899.704419 0.949500
1899.885423 0.950000
1900.189973 0.950500
1900.298049 0.951000
1900.988039 0.951500
1901.037993 0.952000
1902.883510 0.952500
1947.210268 0.953000
1949.641828 0.953500
1950.352795 0.954000
1951.068102 0.954500
1951.705616 0.955000
1951.884964 0.955500
1952.942616 0.956000
1953.341812 0.956500
1953.867247 0.957000
1954.947359 0.957500
1955.262621 0.958000
1957.450350 0.958500
1958.973747 0.959000
1960.108909 0.959500
1962.425391 0.960000
1962.973290 0.960500
1965.312547 0.961000
1966.229758 0.961500
1966.964328 0.962000
1967.843251 0.962500
1968.843262 0.963000
1969.165901 0.963500
1972.220605 0.964000
1972.890012 0.964500
1973.762308 0.965000
1975.510746 0.965500
1975.772345 0.966000
1977.356238 0.966500
1977.465110 0.967000
1979.365191 0.967500
1979.424773 0.968000
1979.494556 0.968500
1980.015691 0.969000
1982.036509 0.969500
1982.790820 0.970000
1983.197707 0.970500
1984.637550 0.971000
1985.485223 0.971500
1985.863561 0.972000
1986.968812 0.972500
1987.511615 0.973000
1987.550426 0.973500
1989.065711 0.974000
1989.161469 0.974500
1990.033462 0.975000
1992.106896 0.975500
1992.369626 0.976000
1994.008933 0.976500
1994.309400 0.977000
1994.832231 0.977500
1996.149194 0.978000
1996.661218 0.978500
1999.272213 0.979000
1999.753663 0.979500
2000.405929 0.980000
2000.838049 0.980500
2001.755711 0.981000
2002.007778 0.981500
2002.135774 0.982000
2002.210888 0.982500
2005.023109 0.983000
2005.131306 0.983500
2005.507407 0.984000
2006.132477 0.984500
2006.487760 0.985000
2008.158769 0.985500
2008.260560 0.986000
2013.056824 0.986500
2014.893934 0.987000
2014.979894 0.987500
2015.216636 0.988000
2016.325503 0.988500
2017.560810 0.989000
2017.851748 0.989500
2017.998362 0.990000
2018.135463 0.990500
2019.732805 0.991000
2020.452610 0.991500
2021.500685 0.992000
2021.984853 0.992500
2022.524918 0.993000
2022.660156 0.993500
2024.302140 0.994000
2024.386864 0.994500
2024.668678 0.995000
2025.030957 0.995500
2025.214408 0.996000
2025.529769 0.996500
2026.353042 0.997000
2026.767186 0.997500
2027.297977 0.998000
2027.952870 0.998500
2030.014280 0.999000
2030.300045 0.999500
2030.746017 1.000000
