3.67474
3.11043
6.02537
6.18835
1.26893
5.92643
6.09262
2.29267
2.69104
-2.62476
6.84566
5.91237
4.9679
4.75436
4.64974
4.84996
5.06294
0.350569
6.47985
3.1658
4.915
3.76225
3.72075
1.25186
4.62501
5.08864
-1.56489
4.53742
-0.358102
1.52346
5.91821
3.12545
0.348507
2.09895
4.07718
0.080054
4.85933
2.94825
1.41306
4.48186
-0.362226
2.20299
4.57063
2.3198
0.164669
-0.0763389
5.56109
4.91887
-0.129286
6.11453
0.369898
3.39705
5.16356
4.57624
6.19086
1.93857
5.04552
3.85615
5.39327
6.19696
4.50266
3.08961
2.79126
2.69683
5.0481
5.27193
4.76504
3.88954
1.22646
4.73799
3.47706
4.54789
4.21112
5.00835
5.67147
-0.891408
4.4857
-1.56489
5.43594
2.35716
5.78367
5.54226
5.02303
1.78233
3.59835
0.783924
5.97443
3.66252
0.866136
0.609195
0.358396
5.91554
5.41156
5.05437
5.83162
0.379728
4.9679
-0.396486
2.39402
-0.0702513
4.8832
5.58226
0.891622
2.43523
6.09685
2.42246
2.8387
5.06453
4.16702
6.90529
6.15033
4.82299
1.71249
-0.14123
6.11238
1.06817
3.54027
4.39492
4.97384
5.80853
4.82138
3.85488
4.37309
4.24914
5.28251
3.8682
6.43502
4.27635
-0.225686
4.42995
1.99215
2.20688
4.3261
3.65626
4.16648
2.54023
-0.721356
1.9545
2.35237
5.44125
3.50703
5.94201
5.59302
-0.650307
-1.72495
5.98074
5.8681
3.61907
1.56297
1.63104
5.23108
3.27477
6.51648
5.17311
6.84619
6.15377
3.11508
1.01223
1.90742
5.26154
3.68116
-0.687911
5.70552
2.0887
3.18356
0.457016
3.59507
4.78125
0.180732
2.71727
4.85234
6.69492
4.8493
5.877
1.1183
5.15172
2.11629
-1.43983
1.20923
0.89913
3.38075
0.873331
5.27899
1.74546
4.53081
0.341485
1.40321
1.81426
3.92432
5.22333
4.87667
4.7402
3.96518
3.74255
6.58604
2.9942
4.66713
7.0303
0.630278
5.3
4.8747
-0.851169
5.57464
6.39455
3.90794
3.61858
6.5028
-0.342175
4.73647
0.892338
1.53584
5.49028
1.16886
4.03424
4.23384
2.84204
0.77583
5.08172
4.65374
5.22345
5.27056
0.369488
-2.61467
4.01326
3.93447
0.517375
2.6216
5.47358
4.25938
1.89881
0.160314
5.56825
4.57565
5.58012
-1.25942
3.36149
-1.47088
1.49953
0.684934
2.62234
5.95296
5.30541
6.29342
4.58213
6.54338
4.51148
6.79772
6.74986
6.45449
-0.0721231
-0.3432
4.18637
5.65907
5.56586
4.31501
0.993416
-1.09371
4.46366
1.36905
6.2918
2.99953
4.41465
5.73132
3.82812
2.11153
5.22356
0.808472
6.9538
3.97153
3.04809
6.89732
-0.741522
4.18212
6.28053
6.32282
5.8991
5.81474
0.482551
2.26923
-0.487263
4.24588
6.17525
3.55878
5.64955
1.83989
3.44239
3.91615
0.73139
2.10585
5.22032
4.7158
0.951305
1.68828
4.88725
-1.87448
5.49639
4.70043
5.179
5.11218
4.48232
5.1844
-0.641135
5.64509
3.9566
0.92938
5.32566
4.41084
-0.204593
6.53318
1.44248
5.31395
-1.09093
5.48951
3.86609
5.80097
6.75863
4.16166
5.63261
1.63891
2.59868
4.94337
4.47263
-0.479179
6.16948
1.66125
5.17641
4.265
4.50327
4.9357
4.06254
5.37826
5.66047
5.05743
6.47443
0.825603
1.16585
-0.043234
6.3392
4.98933
4.94068
1.94199
-0.518751
5.23674
5.75443
1.11898
5.36789
3.78813
1.90971
5.71494
2.41714
4.22381
0.521312
6.6506
5.09675
6.28604
4.67451
2.035
0.727664
2.33062
6.36009
-1.13868
4.18654
1.03476
4.94081
0.677389
5.92257
5.17712
4.36565
5.71059
-0.540684
6.16211
6.77756
5.1249
1.66035
5.69917
6.48502
4.34449
5.2881
5.40451
-1.64098
4.56604
3.39263
6.52676
4.76108
4.46134
4.64128
-0.164776
4.95344
1.37897
5.13315
4.75258
5.22866
5.48153
-1.5181
3.86735
5.83084
5.80467
6.58935
1.82039
1.06233
2.98116
4.07381
4.57166
4.67111
-1.86567
4.61487
5.64955
3.58317
6.52402
-1.51375
0.670964
4.76641
5.65346
5.51769
4.48048
1.54943
-1.54885
3.92105
0.533489
4.7645
5.56254
2.00483
5.16687
0.698478
1.87232
0.285225
4.92916
2.96233
3.37597
4.96296
5.6654
4.14747
-1.96127
1.70951
4.30837
6.55753
6.55499
0.883742
4.69116
5.26097
0.297387
-0.560025
4.51875
3.64972
5.07759
4.79046
2.35194
-0.270326
4.31385
2.15303
2.50845
6.77756
5.17182
0.974168
-0.271826
-0.508939
2.24019
4.76613
4.62486
-2.02185
1.67899
4.86972
4.4464
1.52191
4.86263
2.21794
2.7061
5.02886
0.601885
3.89016
1.08904
-2.16473
-1.59107
-0.462013
4.5783
5.86681
-0.0674456
0.981177
4.14675
5.36658
4.16969
6.10518
4.37534
2.90932
4.18866
6.25503
3.53237
5.61543
0.0364648
-0.536833
5.04367
5.58804
5.93912
5.97147
5.16001
5.48203
3.33229
2.21759
1.64677
1.87492
-0.139794
-0.721356
5.73589
5.85062
-0.44336
-1.2051
3.97193
3.80355
6.54744
0.304079
3.84807
3.05225
5.76086
5.77184
2.26654
1.9203
4.92543
3.00659
3.70261
1.73983
2.21723
6.1463
-1.66942
5.16934
4.76409
5.0982
5.41144
-1.6523
5.81148
5.18334
0.380546
3.30199
1.56144
6.95523
6.10188
3.77859
0.0283113
5.30403
0.538976
4.71455
-1.02329
3.08922
5.18076
4.38756
5.98319
4.02214
5.91004
3.54316
4.45372
4.43341
-0.107904
5.54711
6.13528
2.14642
3.38908
5.16746
4.99197
4.61632
2.99998
3.26389
-0.532438
5.36029
4.42586
4.82619
6.07016
4.07905
6.16374
3.34499
2.96512
5.26714
1.28626
5.9224
-1.14936
-1.02598
6.72605
4.02638
2.48671
5.95916
-0.156586
3.29138
4.08502
5.92173
4.47571
3.47153
3.31314
0.807742
0.571338
5.74966
0.966444
3.36361
1.31846
5.40112
3.85615
4.00394
4.92903
5.07088
2.86754
-1.57477
4.50784
6.1465
3.77569
3.03928
5.94423
5.68797
4.45978
5.07466
-0.0372101
5.90854
1.79817
-1.92057
4.19078
5.92728
4.91009
-1.41259
-1.99725
4.21391
4.37518
1.7685
3.41892
1.11355
1.37673
1.28332
2.02715
5.10629
5.41827
4.86972
2.29626
1.69038
5.139
3.9881
4.94847
5.4513
3.54053
5.24836
-1.01657
-1.2564
-1.13513
6.99761
-0.403808
-2.86642
1.43333
4.51935
1.60643
4.88503
0.43654
6.40286
6.21825
0.175964
4.80153
-0.480256
5.58495
5.78672
5.24939
3.96179
4.93018
0.568231
2.0315
5.73427
-1.31763
-0.730826
-1.62324
5.79605
1.21222
1.49984
5.17841
5.34954
1.79143
0.144592
6.47471
-1.62139
-0.605337
4.81871
0.438955
6.56873
0.909119
3.42296
6.691
5.78458
5.7723
5.50572
2.10648
6.17484
5.51627
6.38556
4.54774
5.49244
4.3882
5.09977
4.81643
3.97173
6.87895
5.96123
2.08963
4.63121
3.21361
-0.555591
1.25745
0.111596
5.20393
5.18792
4.70757
-0.356042
3.42123
-1.43568
2.78521
4.28293
5.49894
6.12516
-0.561689
1.65914
4.31053
4.61617
4.82352
5.81287
3.23156
4.92144
4.17325
0.686441
2.6452
3.30071
5.55725
4.82939
6.81529
4.26924
3.14135
1.96302
3.87303
4.88751
0.758114
1.96273
1.85758
4.1899
0.863254
5.39544
4.21739
-0.419561
4.52222
1.33205
1.44564
-1.72694
1.6371
6.19633
5.57224
-0.69433
-0.806095
5.32508
1.35557
0.321585
1.01987
5.54934
4.72109
5.59951
1.98085
1.78204
4.23918
5.36136
-2.67534
5.96089
6.03084
5.44323
1.62801
4.15933
3.82683
0.909119
5.62778
6.29806
-1.41259
0.347269
6.32785
6.04387
2.06252
4.54565
1.37449
6.40312
5.40512
3.47402
4.14693
1.3876
5.09118
4.87824
1.46545
1.50234
-1.36171
0.419186
6.04331
-0.489963
5.01682
4.14927
6.07148
4.76914
3.0013
5.97426
4.34678
5.41766
3.45452
4.2297
4.56441
5.38281
5.45317
-0.363775
-1.16513
0.708231
3.84679
3.50379
4.86223
5.06881
4.69496
1.26073
0.867936
5.14519
5.41266
3.60437
-0.138359
1.63801
4.27364
-2.10963
6.13189
4.55847
1.85729
4.67819
4.93621
6.30765
4.61225
6.0093
4.09727
6.25369
6.43855
1.52532
2.95251
5.03664
5.03133
3.26488
5.64064
3.3125
5.50278
3.79277
-2.04317
5.30944
4.89272
5.1704
5.57558
3.3499
0.213488
5.29565
1.05924
6.16866
-1.51202
4.89493
6.7604
6.77756
5.3385
6.71371
5.24365
4.94656
4.24948
1.67298
7.10941
4.55609
4.791
0.938234
-2.33926
3.42498
5.56427
6.4131
4.89921
5.16509
0.108942
4.75121
5.63828
-0.999207
3.63313
4.73951
4.09764
1.59697
-0.862416
6.35266
5.53977
4.79019
5.45329
5.2881
0.894484
3.48256
1.29474
4.78911
4.41876
5.51885
1.44784
6.29806
3.35997
-1.43983
4.25495
0.835775
2.20087
6.08305
3.82033
2.45545
1.80578
-0.336033
5.73103
5.92694
3.55151
5.55646
4.63999
0.572891
5.07479
-1.12805
4.45357
3.30423
0.305332
6.54806
-0.423777
4.5908
6.5216
4.81456
3.63141
4.03443
3.40672
5.18428
6.79677
4.09486
2.41379
4.20238
3.7405
-0.589024
5.95056
4.28562
6.58968
4.24965
5.87814
1.64526
-0.96619
1.73004
-2.24876
4.06291
6.56615
0.329475
2.42246
2.77103
1.14265
3.61585
2.06522
6.04184
3.75436
6.22993
1.43807
1.92145
5.37075
4.53051
4.13282
-2.32743
0.985377
6.14851
6.18126
5.93997
5.64718
5.45641
2.36286
5.38341
6.6266
-0.910514
-1.14794
5.08937
4.17627
5.37051
5.61119
5.61188
4.50464
5.82253
5.15658
3.81403
2.22481
3.97272
2.13756
4.80193
3.9592
0.355514
1.65824
5.35745
2.48399
6.21868
6.39637
4.70015
3.3226
5.69471
5.14958
6.08477
5.58535
1.37353
-0.708394
4.23505
0.779879
-0.744502
5.43681
5.09929
4.50236
3.91594
5.96383
5.88776
4.04035
0.954831
4.45978
3.89659
5.53703
6.54027
-0.583982
4.7247
6.58011
-1.35218
5.22877
1.52067
5.677
4.95165
5.57091
4.90544
1.94114
2.85519
4.60352
-0.732605
0.54015
3.00922
4.28965
5.79943
3.75277
0.54015
3.94477
2.42052
2.04969
3.70658
1.15746
6.50221
-2.39736
4.05536
6.54369
1.76024
1.8945
3.58317
3.88787
4.78803
6.18251
-1.72893
5.31395
5.02229
4.99297
5.70566
6.76352
4.77214
5.3571
-0.488883
5.84267
4.87745
1.73924
0.721695
6.25927
1.47141
5.48533
3.94939
5.9485
3.76337
3.62649
5.50996
4.89623
5.08706
4.81148
4.89324
4.205
4.4186
6.61303
1.97944
0.570562
5.16675
3.74027
-2.32576
5.62792
5.5217
5.78245
4.82512
2.40665
1.61312
5.70075
1.37417
2.22155
5.02985
1.29213
5.0481
4.32296
2.26539
3.82855
5.01881
1.88933
4.90996
1.98933
5.22553
6.8755
6.18522
6.0589
0.139334
-0.658935
5.25731
5.56214
0.321169
5.65837
1.17623
5.32462
3.84913
5.82034
0.369488
-0.15803
0.878001
4.5019
4.55862
5.15279
4.04378
-1.50337
-2.11636
5.33196
6.31853
3.1391
-0.797548
5.23777
7.02104
1.48893
3.23395
6.21503
3.4267
6.43557
5.71698
4.82526
5.94508
-1.75301
-0.716635
2.62087
4.34351
-1.77957
5.19237
2.29069
2.09335
0.944245
6.77527
5.33067
5.13876
2.71032
5.90042
5.10785
-0.767868
4.67422
2.01708
1.71934
-1.20583
3.98967
5.29507
0.542889
1.03303
5.46241
5.54278
-1.83529
-2.27847
0.314093
5.92156
5.11291
3.8112
-0.0288882
4.53637
5.39617
-1.00187
1.07194
0.238702
5.13792
-0.493207
4.25239
3.76988
5.57638
3.70891
1.35589
5.38785
2.11821
5.40828
6.1917
5.95968
5.43188
-0.180737
5.24836
5.86858
3.23702
4.30754
2.98703
6.0984
6.04258
5.70783
-1.6656
5.40986
0.976272
5.55989
4.04949
7.12574
6.73952
3.03717
5.12347
4.78789
4.92029
5.69802
6.50044
2.58097
6.32186
4.76422
5.01471
-0.241976
0.811758
5.9342
3.48064
7.05204
-2.33417
1.65191
6.56776
1.83088
1.17389
5.4683
5.40209
3.90114
4.51072
0.514223
-0.904766
4.30154
2.57369
4.52283
5.04663
6.51169
4.2982
-0.381901
5.51434
4.85406
-1.22724
0.383816
-0.34525
2.55445
4.01597
4.50373
-1.13018
-2.14512
0.143716
1.51136
5.37587
4.67096
2.40665
5.03393
6.08477
-1.86238
4.79964
2.60148
1.89048
6.39766
4.85986
1.6371
4.45061
3.57347
4.27686
5.47951
5.08184
5.54816
4.45046
6.31639
5.00673
6.06583
6.33073
-0.415351
5.63427
5.77139
3.07519
4.6397
4.86828
6.41999
-0.0515939
0.977323
1.06268
3.51989
5.20684
4.62414
0.781718
4.2706
5.29954
-1.78266
4.28074
5.27432
3.77524
4.09782
5.18428
-2.41395
1.86308
0.138896
5.86278
4.95814
6.11199
4.92235
3.39587
3.95139
4.48493
2.28281
4.29937
-0.0646424
1.61008
-1.0764
4.73688
4.82739
1.67329
4.83923
1.79495
6.44758
5.86858
1.21719
1.96614
3.39881
5.8042
1.80461
4.39955
5.9984
6.12793
1.33689
5.11507
0.905911
2.21257
5.19131
-2.48209
3.80004
0.157699
6.40286
6.29249
4.62746
1.41465
6.74209
6.15154
-0.523123
3.66252
2.92024
-1.2051
-2.20512
5.65809
6.69926
6.41468
4.59168
-0.0178261
5.65164
5.0833
4.664
3.59457
6.70724
5.52131
2.24987
5.13697
5.8343
4.37744
-1.1912
4.03902
1.71934
2.00173
5.72838
2.43424
4.93505
1.32202
5.77034
4.13464
5.53299
1.0887
4.41828
5.60629
5.97077
6.38122
3.5019
1.86076
1.19293
4.94681
2.62308
3.63876
5.29782
5.23177
2.63132
6.76576
4.89493
0.739203
4.88894
-1.01322
5.78306
0.747743
-1.85583
5.42856
6.54463
2.04349
3.10067
2.52703
4.49305
-2.11907
0.303661
-2.59498
6.74986
6.09281
-1.48961
-1.20437
0.288584
1.33528
2.5476
0.744032
5.45554
0.544063
-0.0492695
3.71797
1.97888
4.92569
0.134508
2.90025
1.46168
6.07792
2.43573
6.07281
4.95509
3.93021
5.55053
3.38373
4.72581
-2.00213
1.60094
4.73826
4.27804
-1.33718
4.52524
4.80516
2.14181
-1.41916
6.02465
3.0772
4.4834
4.95114
4.90712
1.74457
5.25157
4.92685
4.47725
3.79806
5.60684
4.77254
5.25421
3.46654
1.9343
5.14364
4.64501
5.73029
5.36991
0.564343
3.19285
4.82272
3.81708
5.88286
4.42649
1.8991
3.58011
6.02029
4.5051
2.22844
-1.51028
6.41283
1.6116
5.00623
4.99084
6.52767
3.94154
3.89866
4.69734
5.33079
-0.299962
3.50379
5.28833
5.06307
1.40385
1.09177
5.71393
4.83804
3.72721
-0.092788
5.14744
6.17463
6.53595
6.54307
2.04851
4.99961
-0.695499
0.130553
0.536233
-0.0483402
5.62833
1.31067
-2.55971
3.88871
6.51919
4.43137
-2.35818
5.43262
0.741433
5.51073
3.96398
4.035
6.35711
6.15946
4.06706
5.6304
6.35538
6.59002
4.23143
0.835775
4.8592
4.65246
-1.37209
2.77538
0.470205
-0.97802
4.24554
4.74832
3.82033
4.59695
5.06844
-0.345763
2.8702
4.90893
4.60905
5.17653
5.27853
1.18526
0.811393
4.74309
3.91369
4.26262
6.2367
1.41655
0.039178
1.82564
4.12518
6.10887
4.33515
-0.137403
3.38759
1.52594
5.40003
5.71117
3.12888
5.8935
5.20474
5.0433
6.45449
2.39125
-1.55685
5.25421
6.65537
0.804818
3.38759
-1.22279
4.81844
2.73157
-2.26271
4.42491
5.33149
5.93607
1.88702
6.4651
0.606888
5.71902
3.16653
3.07316
1.73063
5.26668
5.78169
0.0805003
0.365384
0.0911947
0.931152
-0.548403
2.07309
6.13947
5.4727
5.4352
-0.925915
5.67771
-2.02558
2.71381
-1.24065
4.66756
4.17022
-1.55953
4.53472
2.66714
-1.5181
-0.45347
3.38997
6.36183
5.87717
5.03899
5.53808
4.46985
1.76024
5.39979
2.29109
6.57293
0.294036
5.16179
6.27529
4.33022
7.05944
0.701106
4.13681
5.34132
5.26931
3.98476
5.2953
4.62313
2.89312
5.51717
6.12082
4.11183
4.17307
3.25823
2.78399
0.0151317
5.60195
-1.6848
5.31684
-1.31763
5.41876
2.66637
-0.568913
6.70045
0.39768
5.26017
1.1759
1.36071
5.6194
5.20311
4.21182
4.54774
0.34603
4.79883
4.84268
4.61458
1.39429
6.86141
4.08353
3.51482
5.30265
0.824876
4.97409
6.03157
4.18654
6.84089
3.79696
4.13191
0.68983
1.40575
4.3954
2.26043
5.43446
5.43409
5.19412
0.990971
0.147217
0.371539
4.28394
6.70164
5.02315
0.550315
-0.718404
5.38293
1.89536
4.81255
3.77189
4.17218
1.14298
5.46291
1.86279
4.42381
5.22403
0.924413
3.27707
5.50957
5.96799
6.54151
5.79313
5.06356
4.94081
0.911613
4.0839
5.58106
6.56007
6.94117
6.70484
4.77418
-0.0474112
4.3726
5.78504
4.98719
5.1919
0.748114
3.65674
-1.15652
5.97881
-2.74725
4.91848
4.2558
5.96782
3.589
4.94541
4.9426
4.60119
1.08597
1.05374
-1.75301
2.91281
4.4257
0.482949
2.46166
4.92222
-0.974727
2.86648
4.24434
5.21312
0.477379
5.05694
0.0427922
5.45678
-0.00863703
5.89498
4.59226
1.75847
-0.521483
5.76176
5.31881
1.55035
1.79436
-1.13513
4.40719
5.52338
4.69313
5.07795
5.50855
3.2787
1.60734
1.88875
3.09318
5.61283
-0.194833
3.24717
3.91758
2.06072
5.01968
6.18189
1.75965
5.02712
4.36662
0.327401
6.4
4.75889
5.28069
1.69307
6.25102
6.05146
3.08643
1.22216
4.72511
2.99375
4.43388
3.90217
3.50244
5.19634
1.43428
6.49604
3.79343
6.6358
-2.15909
5.57932
4.01132
4.42759
1.06165
0.40581
4.24777
4.28545
4.20062
-1.22205
5.75428
5.35639
4.76217
1.20857
5.52454
5.67672
6.18106
5.11831
5.86246
4.31535
4.8646
5.79176
5.34801
-1.21245
4.89688
5.10568
5.62159
5.173
2.96047
4.78911
3.84658
-2.08967
5.75309
-1.66846
6.20309
-1.79095
4.3776
4.6351
2.67549
-2.14235
5.02415
4.54132
6.38966
0.966092
-2.53503
2.03587
5.23455
4.09764
5.71625
6.29064
3.6346
1.75729
5.08172
5.12598
5.36243
6.12911
-1.90917
4.91565
3.81403
0.289423
0.634099
2.1198
-0.249906
6.10227
5.30541
0.918373
1.40639
-0.693162
6.56647
3.16324
1.03234
2.01336
6.62871
3.16836
0.6015
3.8812
4.216
2.20794
1.27253
3.10849
2.31939
5.3616
4.22
4.55416
3.93932
0.652005
4.57742
2.85301
5.52779
1.28887
5.47685
4.77948
-2.99752
1.13083
-0.561134
5.81334
3.03166
4.5019
5.33476
5.33569
4.38772
5.07673
5.27466
4.70365
5.79543
3.24616
6.3764
2.33273
-2.03938
5.17829
0.523672
-0.866177
5.6543
6.406
6.64769
0.562787
-1.35376
1.19093
4.49076
4.12463
5.31395
2.65233
2.32811
-0.687911
3.53184
-1.3419
4.07942
5.72575
6.84726
4.0148
5.54409
3.75887
3.42123
1.83408
-1.46412
6.88655
3.63803
4.39332
5.28035
5.73795
4.93108
4.13772
5.6462
6.39662
4.31816
3.08723
4.68736
-2.00949
5.0976
2.54574
4.0663
1.9752
2.03237
6.55626
3.2751
5.11723
-2.22144
-0.669328
5.50649
4.80758
4.82219
1.83262
4.64258
5.30564
5.86842
3.2875
4.54625
2.26424
3.54289
5.66808
5.61857
3.24211
4.88046
0.60227
6.33338
0.992368
0.952363
5.69931
7.20984
3.8835
5.58979
4.50525
4.29903
3.96139
4.28747
0.130553
1.37385
6.49022
4.99973
-0.603645
6.21503
5.266
5.86794
2.72752
1.1635
4.78504
4.00763
5.51872
1.12305
0.656943
1.51042
1.92545
3.60987
4.2667
3.36179
5.36896
4.76532
5.12981
1.88069
2.00597
5.41705
6.99349
6.63545
3.83028
1.70712
4.30003
0.65922
5.58253
-1.87227
4.86434
2.64677
3.15772
1.03165
4.24897
-2.11772
-0.4143
5.04269
1.60978
5.59951
5.7785
1.42289
6.24372
6.68131
6.14107
4.83418
0.647441
3.86313
5.93251
2.67549
1.11185
5.99734
4.86118
3.20416
4.30371
6.02901
-0.693162
5.06808
5.28456
4.82179
-0.0637085
5.74032
5.3
0.590314
5.47056
2.08224
-1.21909
6.87321
6.41866
6.18919
0.115131
5.2144
3.5116
2.77538
5.56334
3.15069
5.65081
4.15251
4.18813
4.39748
4.87169
-1.45907
0.946364
5.58669
5.67729
0.745146
0.199304
3.97193
-0.817745
1.04098
1.04167
6.44401
-0.255868
5.02042
4.76709
3.66589
5.19588
3.12392
1.4986
3.47595
3.6951
5.44596
7.02378
0.312426
5.60127
4.86683
5.28787
5.38894
0.0164976
6.23801
6.71087
4.33022
4.96131
-1.39061
6.22537
3.88475
5.90456
3.8885
1.4387
5.10689
4.57934
4.64673
5.22761
5.87798
6.01524
3.30615
5.70638
4.58919
-0.907958
6.15114
5.29656
4.02734
6.79107
6.59603
6.26106
0.750338
-1.92745
4.78288
4.00004
1.38504
6.08917
5.48545
3.11469
3.77502
0.136702
-0.631997
4.19606
5.88743
5.48444
3.53316
4.29385
5.46065
1.86828
-0.718994
6.46763
5.27079
5.02154
5.35757
2.24949
1.37065
1.72439
6.04313
-2.16615
0.147217
1.06061
0.509095
1.68079
-0.336033
3.96557
1.04478
4.23522
3.76427
3.43728
5.54501
4.94579
3.88621
5.26074
1.91286
5.22773
5.6557
4.79506
0.141526
6.38992
-0.482949
3.32918
1.71904
2.3051
4.54446
4.70519
4.24176
0.969956
0.21906
1.93258
4.93838
1.99525
6.09128
4.73218
5.75309
4.52584
2.47644
-0.00863703
5.07125
0.627218
5.28206
5.34731
4.82232
0.679276
6.06922
5.24077
1.05236
1.43428
5.12335
3.87198
4.74199
5.48355
-0.375155
4.88451
0.770303
6.5967
-1.41259
5.99095
1.38696
6.09493
1.14669
4.83179
6.08534
4.54251
-0.990575
5.60317
4.3813
5.31557
3.9292
4.10318
5.57411
4.23315
0.542498
1.49111
5.54685
4.04664
2.179
5.86568
5.40828
3.63289
4.34024
3.4244
5.37635
4.51011
3.97054
2.39217
1.46168
6.09724
4.16094
5.56373
3.67902
1.27057
4.31982
2.56141
5.67417
4.8935
3.74483
3.99633
4.49702
6.73274
1.27548
4.78206
5.14994
3.58951
2.57897
-0.330925
5.55738
3.92146
2.02542
3.99065
3.17236
3.98496
-2.34096
4.69116
3.55645
-0.766665
-2.16473
1.48705
1.89996
5.9167
6.12437
4.79762
4.2541
-0.220768
2.25816
6.41946
6.64623
-0.333478
4.52283
1.21951
0.935757
5.24019
4.1768
-0.513841
6.00625
4.28646
4.70771
4.80018
6.96995
1.66185
5.01471
2.64599
5.29187
2.78703
4.31684
1.52222
1.66035
3.60937
5.22634
5.19178
4.43105
3.64972
6.43205
4.86578
5.56825
5.76823
6.44593
4.70477
2.26884
1.82709
4.86604
5.28719
4.67011
5.15954
2.91728
6.6714
2.62087
1.6049
6.19506
0.463017
4.94834
2.07461
3.58317
5.71553
-0.833779
5.48698
-0.907319
4.34956
6.19128
6.50723
5.17735
4.85274
5.0265
5.67346
6.13927
1.08836
4.47694
-1.14508
-2.94618
5.92005
1.17456
2.24167
4.17432
5.45591
5.77517
6.26736
6.63367
6.37437
3.09001
5.56612
6.35168
-1.8278
6.37817
2.06673
4.82419
5.90572
6.06922
2.78216
2.15736
5.13602
6.47699
3.37266
1.75788
3.35815
5.21452
1.42605
5.36053
5.04909
5.82441
4.40608
0.50633
6.5108
3.77903
0.294874
4.88568
-0.288876
6.44868
5.19891
5.31083
0.603425
5.25352
1.04271
6.3591
4.91771
6.63866
1.55343
4.68778
5.85397
1.69726
2.1049
4.59505
-1.63162
5.51472
4.74158
5.58952
6.03724
0.429286
4.08539
-0.277331
4.10262
5.48317
3.88162
1.55282
4.41686
0.933987
3.78414
1.35975
3.94235
5.51369
4.80933
0.789066
2.04821
4.74502
0.71422
5.87343
3.74824
5.23697
3.57449
5.32218
5.39243
4.15915
5.33161
5.79589
5.61174
5.42035
5.73869
6.51648
4.93403
5.53338
1.62103
1.07365
-1.26093
1.86973
1.0846
2.05326
5.61365
-1.28295
5.11711
-1.03408
5.10363
0.702232
4.26398
6.18814
4.6546
4.49626
1.89422
2.39494
5.63123
-0.26234
2.92368
5.04552
-0.95638
3.61286
4.58566
5.49792
3.51187
0.45261
4.74447
4.0258
4.80476
6.53073
6.56519
6.8148
5.65696
0.723561
4.06442
4.02887
4.52916
-2.47803
0.858206
4.72567
4.919
5.37659
4.33646
5.71553
5.52844
4.45621
5.78504
4.46629
2.26501
5.95657
6.01343
0.169452
5.35391
1.28202
3.6151
5.03195
0.353455
-0.838734
4.99973
1.47517
2.71032
2.34848
5.87863
-0.794503
2.67999
1.39971
1.77998
-0.227656
-1.26017
4.13046
6.14972
6.81084
1.14265
1.18058
-0.481333
6.05424
1.36456
6.473
-2.01689
4.00919
3.56241
5.60779
0.832871
6.76397
3.6373
4.23402
5.14863
3.90979
3.71635
4.68722
-0.398576
2.37397
5.78611
6.2402
6.44538
4.96917
-0.322772
0.0827312
5.59248
4.9371
-0.455603
1.95678
5.32555
6.95523
1.82214
7.24873
5.95434
1.73449
5.03108
4.65388
4.97169
4.91951
4.93467
4.21965
4.59256
2.49719
-0.0321219
2.08562
4.97536
5.2709
5.10568
5.1593
1.25548
6.383
5.38737
2.16272
-2.50279
5.00685
4.95865
3.60912
5.01446
5.39231
-1.86129
4.76231
1.84512
-0.885075
5.47749
4.64616
6.18626
1.1413
4.25188
4.77036
3.89763
2.2612
4.80758
3.98515
5.42721
3.03123
3.90794
7.20984
1.91744
5.47534
3.4842
1.88386
4.99773
4.24262
0.94071
2.39867
4.68158
4.91513
4.80973
4.64358
4.91861
1.51788
5.29198
-0.279336
5.84046
1.84686
5.27546
1.88328
3.9584
0.997952
4.75587
4.87588
5.74996
2.82349
6.17298
0.294036
5.28981
3.83501
4.63884
3.93973
2.62013
4.36678
-1.71605
-0.512751
3.00219
4.29987
5.36183
2.02744
-1.01993
5.53377
4.7556
-1.99239
5.73795
-2.68095
4.90401
5.36254
5.16639
3.27379
0.0947518
2.20299
-1.48619
5.66851
3.44239
4.9887
-0.290889
1.91
1.09586
5.72692
5.17111
-0.016906
0.876206
5.92005
3.36361
4.40401
-0.0805604
5.57691
3.97549
5.02638
5.03207
6.1163
4.33449
7.02842
1.87232
-2.74725
4.94171
0.938942
5.00972
-1.32934
5.29198
5.44447
6.53996
5.62764
4.09671
6.01812
5.54357
-0.127379
1.13961
2.23356
-0.0178261
5.718
1.17657
-1.23542
3.8225
6.13408
5.40136
-1.32621
0.947423
-0.851792
3.9602
5.61338
4.88933
2.2612
6.07205
5.38641
2.11058
5.29221
5.23581
-1.84714
2.00427
5.44224
5.12095
4.45279
3.05432
5.85941
6.05685
2.30187
2.40665
5.41631
6.58604
2.0145
3.14135
1.89307
-1.62603
-0.45934
-0.126427
4.74846
4.75861
6.24439
5.72838
2.61357
-0.251396
6.46061
6.02102
6.95024
6.02428
1.87579
3.51375
2.43922
-2.30753
6.33266
4.2092
1.34753
-0.436463
3.41109
3.33354
3.54001
5.12873
0.63448
6.41204
5.99734
6.8148
5.21591
5.09227
1.10063
1.87117
1.33301
3.80267
3.51455
5.55514
5.35982
5.14447
-1.65988
3.51321
1.68649
1.43617
6.02993
6.56519
3.07559
2.48508
5.37898
5.28616
4.32296
5.7103
-2.14651
1.10574
5.06918
0.793835
1.93601
4.37228
5.00273
1.5927
-0.178798
4.7887
5.39931
5.74907
4.57786
2.1049
4.73024
1.52408
0.554607
-1.29367
5.20288
3.53606
3.99633
5.07686
-2.28966
6.23867
2.99953
3.26753
4.27263
5.78428
6.60041
3.61236
4.07961
3.23667
1.41274
-0.0164461
3.94879
5.95761
1.81163
3.0114
1.4783
1.75226
3.6911
6.86252
1.66095
4.88151
1.76938
5.33429
4.43999
5.68341
0.184195
5.45441
5.00536
4.81777
5.79835
4.44203
5.17888
5.75234
-0.302993
0.462218
5.90638
5.5195
5.4336
5.60792
5.15006
5.09143
2.32104
5.04244
3.5046
5.23731
-1.47937
3.54053
3.56524
4.74516
2.15503
-1.17234
4.90207
5.91487
-1.22428
4.55401
4.21408
-0.340126
6.73739
1.85469
0.161621
-0.671644
2.67999
5.75354
6.58836
2.89772
1.78321
-0.229134
1.79407
6.87207
6.01578
-1.66846
1.52253
6.1315
0.60458
4.38178
5.74788
6.07186
0.725426
1.04616
5.97234
3.6536
4.66671
4.11787
-0.622322
3.79343
4.71803
6.35935
-0.220768
3.46347
5.57357
4.39939
1.68409
4.13446
6.19506
5.36183
4.64258
2.43722
3.66325
5.65206
0.222912
2.32728
6.56905
3.4682
1.91143
5.19646
-1.8591
-0.273326
5.54777
5.09203
0.407028
4.31203
4.47617
3.046
4.4129
5.49613
2.62308
1.00004
4.28461
3.44749
-0.0702513
5.02092
-0.515476
3.35113
5.94355
4.90038
4.57757
5.1704
4.10889
1.25975
4.27922
5.20206
4.62876
5.00922
4.40146
4.46258
0.863254
1.86221
4.73052
4.53292
6.16313
3.02824
2.97752
3.9554
3.51883
4.81201
5.55963
1.5482
5.82253
-0.893312
1.91429
5.01595
3.97509
3.26621
5.05841
3.53606
4.22676
2.71589
-0.00955475
3.65045
5.38942
6.59168
6.09416
6.1664
3.51294
6.72273
-1.46834
3.51642
3.87282
2.20158
6.73064
6.10965
4.27246
1.39015
-0.243461
3.2319
4.79006
6.29388
3.99633
5.89055
5.38353
7.01743
2.03296
5.68084
1.65402
4.14999
6.05462
6.50486
1.59362
3.56163
2.10868
5.91704
5.0788
-0.143145
3.36392
3.38194
-2.46397
1.46514
5.63634
0.50633
5.33581
-0.69901
4.99761
6.09956
4.42491
4.91603
4.60716
6.00214
4.36468
4.58434
6.71128
4.39269
5.49843
6.81879
5.78916
1.36167
5.20113
4.39875
3.92228
1.37033
6.04608
5.18381
5.47622
3.36603
4.93095
4.81349
-0.0838477
5.65206
4.19131
3.56962
0.657703
1.80929
6.12931
2.88228
4.45761
-0.192885
4.85274
6.98305
6.04793
6.40994
4.81831
2.20546
1.57495
5.6362
3.10732
-1.23766
1.00318
3.88204
1.76526
4.51148
3.77033
-0.0697835
6.24064
0.569008
0.449803
4.12828
1.37097
-0.357071
4.97586
5.33909
4.71858
4.41322
1.19026
4.27686
6.14268
3.87303
6.2703
5.51627
-0.823283
5.12143
-0.284353
5.32427
4.4389
3.99868
4.35363
0.437345
4.40783
1.19659
3.54499
3.60612
3.84209
0.346856
2.98297
2.61285
3.83179
4.95216
5.68056
-1.59745
0.211772
4.67153
-1.50682
3.86482
5.20474
5.07917
-1.564
6.17939
5.98601
1.32429
4.49122
0.0082934
5.42047
0.89198
-0.758855
5.37874
-0.392311
6.03376
4.3603
4.98719
-1.22131
4.47802
4.34351
2.02831
6.56294
3.34283
0.286065
3.47264
1.01153
0.841213
1.50296
0.448198
1.52191
5.30702
4.82472
6.5531
6.03029
6.29388
4.79492
5.62558
0.291521
-1.45991
4.29167
6.21161
3.01619
6.16456
4.94656
5.37337
1.24627
6.98069
2.85573
2.80789
1.82942
0.9506
4.10096
4.44624
5.20568
6.26578
-0.254874
4.58096
4.71719
5.15314
4.83897
1.42605
4.66543
5.14316
1.45571
0.835049
5.80575
3.71867
5.72545
5.55633
-0.490504
5.56533
2.96743
6.12279
-1.0654
3.75932
4.65203
5.49142
-1.77545
5.02947
4.08539
6.12298
1.57679
1.60795
0.00326937
6.12437
5.16922
6.59268
6.59302
6.13967
5.3245
1.77763
1.12406
6.56583
3.2377
0.428882
-0.889507
5.08342
6.45838
2.06162
4.20955
5.36338
2.88643
6.5957
6.87321
4.32378
5.41607
1.55374
4.25102
0.885176
5.52831
3.21916
5.7278
6.05666
4.98279
6.04645
0.614573
3.74255
0.188086
1.09927
6.05034
1.9034
3.21012
6.04239
-1.23915
2.82063
6.22537
1.91916
5.241
6.122
1.38025
5.24756
1.96585
5.7278
5.07819
4.22034
5.46604
6.59202
-0.568913
6.14308
6.49575
4.38612
6.4334
-0.733199
5.34778
4.75971
5.88662
3.08363
1.79378
3.36935
2.17592
5.72165
3.75571
1.79202
5.75145
5.1671
0.704858
4.66571
5.40136
5.76853
1.66065
-1.04696
2.50054
6.36084
5.49869
4.23901
-2.16191
5.99201
4.02964
1.98961
0.915528
-0.776915
3.59482
5.30069
-0.541234
1.90226
6.25905
-0.017366
5.96886
5.72223
6.82536
3.21465
5.2945
5.04749
4.2092
1.98622
1.49018
5.4932
3.98003
1.58536
4.44812
0.417972
-0.947912
-0.697254
4.74392
1.13353
4.4205
4.02195
3.60312
0.94071
1.15208
1.63286
6.44923
2.25816
1.15981
6.68169
6.02029
-1.52159
4.28797
1.84076
3.2024
4.80112
5.51872
1.65945
-0.379304
6.98226
4.03271
4.32329
1.39907
2.14018
5.34319
0.0720091
-0.662395
6.36233
6.65758
5.21347
-1.09789
5.37253
6.25614
5.29679
-0.215857
6.2356
4.42144
3.79542
6.29458
2.31569
4.76162
5.13566
2.28753
6.10926
-1.752
5.25627
4.84361
6.67672
-1.08331
0.845196
0.525244
4.87941
-0.119765
6.25994
0.906268
3.61087
5.35698
2.14378
2.41235
4.77812
1.69995
4.41068
2.21794
6.31426
2.1577
4.77309
3.97727
1.52036
3.87786
1.15241
2.25702
5.41253
5.54396
4.85696
3.20627
-2.06489
3.63289
6.15316
4.91565
1.69397
-1.77751
4.58463
5.964
6.38581
4.55907
1.89852
0.0337492
2.60429
-0.199709
0.80299
3.69745
7.14781
4.36694
5.69629
5.05596
-0.421141
5.83919
4.93723
-1.22057
5.22437
2.10114
5.07381
6.09821
3.55437
5.81489
5.49664
1.86568
6.67634
-1.80978
-1.26395
-1.11046
5.50996
6.02956
0.551876
3.74073
5.68697
3.79145
-0.762456
5.11747
2.16507
2.2201
3.36543
4.95979
4.30987
5.76777
5.20638
0.214346
4.5281
5.37134
5.1632
4.45186
4.46366
5.83666
5.52195
1.57924
6.53595
5.40136
4.07793
3.36664
6.52828
4.77404
-0.36584
0.267957
6.85755
5.37683
6.05294
-1.35853
5.18029
5.09215
4.79087
1.66216
4.68793
5.63012
5.88123
3.98417
-0.362226
5.06857
-0.968814
1.77586
5.41448
-1.76011
6.10498
5.59316
3.51508
2.75456
1.59301
3.94557
1.64828
3.65191
1.8052
1.37385
5.03566
2.75841
5.62985
5.65458
1.80725
4.73536
-0.0998643
0.63066
4.389
5.19482
-2.20072
5.38221
4.24965
6.78965
5.81318
3.82358
0.863254
5.92896
4.27922
3.10849
0.611117
4.74502
5.06942
5.83052
4.20867
2.18416
4.21007
3.17599
-0.773292
4.71984
-2.23957
3.97747
2.54821
5.40124
5.52092
5.31152
-0.806095
2.44022
2.19561
3.20451
5.4727
2.21364
0.29613
5.87635
3.28912
-0.991238
5.72706
2.71934
5.4293
5.22935
4.35737
2.93823
0.869015
3.01358
5.17923
5.81117
4.71176
5.3667
5.6536
3.80858
1.81251
-1.77339
5.82331
6.23604
5.10532
5.89268
2.87495
0.376864
5.85797
5.23708
2.82577
3.66565
4.14459
4.99498
4.80207
5.88009
4.55445
0.889832
4.7283
-0.804873
3.61137
5.91537
2.4076
5.57384
2.62981
-1.75301
6.5834
0.215203
6.65832
-0.0450899
1.85005
5.4992
5.25582
2.14444
1.49704
4.80839
-1.07434
-1.33797
4.6025
6.1311
1.08802
4.33351
2.5803
1.19759
0.997604
3.45199
6.08191
5.20556
4.03443
3.69698
1.12203
5.0833
0.383816
3.80026
6.02211
6.7551
0.572503
2.02138
5.23593
0.389123
3.9294
0.631042
4.93416
1.27711
3.23156
6.30695
5.66033
5.01408
1.45508
-1.19047
3.37056
4.94298
4.65531
2.57043
5.01806
5.48533
6.48964
4.23264
1.31262
-2.3811
4.31485
5.34319
6.6273
3.70961
4.44874
5.90075
-1.22502
5.42096
1.08392
5.17994
4.25376
4.39508
3.21951
0.171624
4.58287
0.327401
0.260773
3.23327
4.86263
3.29815
4.62761
-0.402237
3.87072
4.56263
4.79425
5.0338
-1.40523
3.34775
3.72283
3.65529
4.40878
-1.9936
0.765505
-1.10766
4.52343
4.95114
5.31962
-0.143624
2.45288
5.23455
-1.04085
5.40658
0.395237
-0.121666
4.72373
4.83299
3.6918
4.92376
6.6624
6.1307
6.07982
1.13319
6.76307
5.35426
1.31424
4.44858
5.99272
6.69847
3.4743
2.99554
5.19926
6.41178
4.91758
4.98631
6.0764
-0.307039
5.76973
6.08668
3.50217
3.58748
-0.440175
-1.11186
2.91381
5.75458
5.21545
5.50291
4.51148
5.11555
3.18176
4.21478
6.19844
5.58857
1.17355
5.32601
5.82974
-0.822667
6.25191
0.137141
-0.972097
4.68158
6.70724
1.41687
4.25546
2.94825
-0.141709
4.29753
1.75019
4.55907
-1.26622
5.9229
5.04552
4.23643
3.91205
4.77704
5.25765
1.53584
4.86328
5.17476
0.840851
5.37301
3.04558
-0.17202
-2.61717
1.16014
2.87967
5.50035
0.657703
3.64851
4.79708
4.14657
5.41229
5.31279
2.45339
5.08403
-2.76372
1.52377
1.59667
5.58495
5.42451
-0.718404
4.71552
3.649
2.08778
4.23643
2.74679
6.27279
5.9713
0.294036
4.43184
-0.0104727
6.18313
5.01072
0.11248
4.23729
2.03646
0.278076
3.83823
1.70533
2.95954
4.85366
-0.752266
4.21199
5.29519
4.6813
1.37769
4.5758
6.34163
4.98229
1.05339
3.84743
-1.45152
-0.199709
1.85526
4.28562
4.19412
6.20628
3.7777
1.13049
4.43215
4.85802
3.41603
3.62451
5.56572
4.9775
0.741433
3.77948
5.87036
4.48186
5.92408
1.30385
3.86356
6.22928
5.82112
4.97838
5.12586
0.972414
5.3815
5.86713
4.69215
-0.662972
5.75607
6.36984
4.97334
-0.852416
-0.38398
2.64756
-0.940772
5.14055
1.22017
1.50483
3.7582
5.31522
3.53711
1.0091
3.07922
3.42699
5.49015
1.72618
5.93725
2.43922
2.7729
6.09763
6.72522
6.34407
3.20064
0.286065
3.52893
4.13971
2.30026
5.29828
5.32578
2.43922
6.01182
4.40592
2.02426
1.86915
3.10537
1.032
1.96018
0.599959
6.13229
4.39269
2.70256
3.43186
-0.36171
0.762181
4.8849
6.1311
-0.778729
-2.65347
4.14224
1.28332
5.38473
5.27375
-1.34664
5.18393
5.24146
5.25788
4.93044
3.17815
4.32378
4.14134
5.29084
5.05449
5.53156
-0.908597
4.7283
6.35786
5.07381
4.50935
-2.65886
-1.65703
4.69088
1.57372
-0.714278
3.36935
1.50825
1.50047
1.58016
5.16025
5.73456
3.21361
5.89317
5.99308
3.44607
1.52067
1.29637
5.01383
5.82785
6.26331
1.79759
4.69074
2.28753
4.59197
3.73867
5.55672
5.5458
-1.54885
2.231
1.2993
6.23037
-0.954423
4.72914
4.01963
-0.987926
0.703357
4.02638
3.92574
6.10654
3.75977
2.11566
4.84122
5.39134
5.07844
1.87319
6.319
5.27705
0.132311
4.90608
5.00011
4.12682
5.8917
-0.0819688
5.76627
6.03248
4.791
1.16551
5.44671
6.25036
4.8387
0.485333
-0.094202
1.74339
4.06837
6.52706
-1.84498
6.00948
5.35344
3.60512
1.48674
4.04302
6.39172
3.97826
6.46735
1.61099
6.39275
6.23298
5.735
4.68905
1.63104
6.79725
6.42265
-0.509484
2.77414
-0.893312
5.23501
5.43212
3.45817
6.80838
-0.489963
7.00179
5.01433
5.94491
4.50099
-0.120715
5.34296
4.38419
4.94337
4.19799
0.376455
5.50816
1.76614
4.45061
0.597646
6.17216
3.41429
4.1017
5.64634
0.415948
6.83202
-1.306
4.8802
3.90259
1.1386
6.11748
5.40112
-1.19631
5.16498
5.18452
5.69041
1.58291
4.69749
4.66571
4.89623
2.56978
3.59128
0.927961
6.74639
1.7425
5.20311
-2.09363
-0.540684
4.51875
6.71779
-1.24813
4.46366
3.52972
7.05624
3.92818
4.79775
1.31294
5.05277
3.8212
3.97984
5.3446
4.00413
-1.33012
1.797
-2.17468
1.08324
5.37229
-1.55418
6.34725
4.79654
-0.64228
5.06319
2.28399
3.65964
4.17858
3.71612
4.90116
6.7831
3.47595
-2.82509
5.00261
5.3371
0.723934
5.51369
0.513829
2.08562
6.18147
2.07248
4.25836
-0.016906
3.71843
-1.02598
0.662634
1.40225
2.02802
4.63755
6.36258
4.18672
1.75286
1.42542
4.80368
5.73958
4.72733
4.65017
5.12622
1.52005
2.41235
4.07905
5.15788
4.90375
3.02696
-2.92943
0.072904
5.63967
3.35754
5.23166
6.33701
0.817229
3.79012
4.07419
3.48968
3.47733
6.15702
6.01361
3.94879
3.06257
1.87146
0.351394
5.80544
5.61474
5.63579
5.62091
2.22698
3.40234
-0.0049688
5.55224
3.32229
3.75526
1.40066
5.18123
-3.00489
1.76496
3.49811
5.601
6.26623
3.17815
3.93406
2.25438
-0.0492695
6.31355
2.22191
3.88433
2.06162
4.48232
0.264578
4.88399
6.54027
0.504355
3.37266
6.8446
5.49601
1.97605
2.98748
3.22435
4.682
5.33897
2.27968
3.88725
2.00483
4.00082
-1.16873
5.73294
4.84136
5.678
5.57104
5.6927
0.987825
3.87555
3.68329
5.09409
4.08874
2.39309
4.93031
0.426057
4.88738
4.20027
4.39684
-0.645717
4.45637
2.01336
5.52961
5.89465
5.62324
6.09821
-1.916
4.66415
4.63812
5.81117
5.14614
1.92488
3.30007
5.21184
6.1079
5.35367
1.05408
5.34202
4.95979
0.108057
6.45255
-1.28448
4.70491
0.557725
3.8088
3.73753
2.86113
0.538584
6.0783
-0.763057
6.02683
0.626836
4.59314
5.88842
4.06593
0.794935
-1.00787
4.86788
2.07339
2.88072
6.16272
-1.46244
4.51193
5.19623
4.89545
4.04436
1.43396
4.0893
5.75533
5.63026
5.45853
3.23497
3.27805
-1.41423
4.65973
0.483346
5.95485
5.4899
-0.884442
5.22264
4.75231
6.79486
1.87896
7.13717
6.52372
3.64778
0.526816
6.09512
4.84652
2.00399
6.08744
4.99948
5.45255
-2.5643
6.25169
5.68826
-0.215366
6.10401
5.05388
1.17154
1.93087
1.64254
5.61502
6.46341
4.66329
1.3575
1.87636
1.89852
1.85208
2.87126
1.61799
5.37361
1.87261
6.07432
6.67977
5.90555
0.813583
5.60792
2.76539
5.49626
5.194
4.77064
5.98443
5.25868
5.84299
6.12555
5.0343
3.24785
5.52688
0.329061
1.48518
1.8899
5.10845
4.91229
0.84592
6.07432
5.4609
2.01536
5.60222
2.13822
4.50251
3.74915
0.296549
5.66343
4.03271
3.21812
4.85815
1.21918
0.758114
3.51241
2.88072
0.703357
4.27229
1.73805
4.45901
5.92106
3.63141
2.1517
3.47898
5.1933
5.66371
0.368668
0.414733
1.06885
5.68198
-1.63817
-1.35773
5.97671
0.870454
5.71073
4.99222
0.361275
1.58261
5.48748
5.24422
0.465814
5.53143
5.65248
0.0702187
4.58007
3.97885
5.92728
1.64375
-1.61953
1.66185
5.45217
3.9367
4.76245
0.999347
0.045049
4.21687
6.06565
2.18588
5.65262
6.23058
4.81469
6.6539
5.66625
3.38759
1.61069
-2.14512
3.39381
4.42318
5.79222
3.17635
4.62761
5.64495
4.61254
5.98319
4.90207
4.73592
5.15385
-0.240986
3.4924
6.10654
-0.968814
1.08938
4.90168
4.13427
4.56352
4.14423
5.17653
0.830329
4.93762
3.1932
-1.99969
3.66469
3.23872
6.2332
5.91203
6.5213
6.46257
4.61907
2.802
3.9065
5.10026
4.14477
3.09674
7.0449
4.97409
3.58951
-0.540684
4.47309
4.21269
4.89337
4.0798
6.68555
4.52403
4.90012
1.21354
5.48128
4.52991
0.471402
5.76116
3.29654
2.17832
1.09552
3.76157
5.10797
3.63925
-1.60937
3.6473
2.33146
5.07015
0.855318
-1.85257
5.08682
-1.91258
5.16096
-0.299458
4.74681
4.60133
-1.33954
2.22808
5.07637
-2.51124
1.11016
-0.746888
5.90522
4.29032
6.10324
5.33336
5.48279
4.49076
4.30421
5.15729
5.78855
5.91453
7.01476
5.08476
0.266268
5.90092
0.457417
-0.462548
5.32974
5.19938
0.505935
4.98229
5.60263
3.44522
4.90828
0.526423
5.44212
0.756634
4.27973
3.60612
-1.7972
3.79938
3.54786
4.2777
5.57932
4.49091
3.17091
3.92594
1.11525
4.98996
4.19166
5.7418
0.389123
-1.0958
-2.09761
2.36995
3.37776
-1.22205
5.02104
6.23211
3.17743
-2.02808
5.8403
3.40292
5.10412
4.20343
3.96
2.23283
3.7985
6.25214
4.62284
3.21916
5.84141
0.423633
3.69745
4.56337
5.39556
6.47215
3.41661
3.52866
-2.57125
0.756264
4.25376
1.72499
4.38259
0.414328
4.31302
5.38773
3.47374
3.04684
4.43843
3.68614
-1.306
1.20724
5.27648
1.56942
3.84892
1.09143
5.71582
5.34331
1.89307
-1.61122
-1.67709
-0.560025
5.4761
4.90919
6.37085
3.45593
4.29334
5.076
3.53025
4.65117
4.16237
4.19659
4.23246
2.43127
0.192837
0.314093
5.55765
3.22159
3.30996
3.57065
1.3575
3.62229
3.80486
4.48723
1.03995
0.769565
4.11623
4.17521
-2.43662
-0.583422
5.43077
1.81805
5.04503
2.54329
4.91565
4.79492
1.29441
4.50844
4.73702
2.40382
5.77578
6.06264
1.15981
1.57556
6.5684
5.69586
5.47597
5.00636
1.28887
3.35937
5.67828
6.35736
5.13673
0.87369
6.82333
6.69413
5.13327
-1.94483
4.26687
4.51981
5.20509
1.84889
1.14332
-0.016906
3.25121
5.66047
4.62645
5.98091
6.62344
-1.6523
3.18607
0.244658
1.427
0.75182
6.61544
0.469407
6.19233
7.00519
0.810298
-1.41177
-0.071655
6.46707
4.43388
5.96956
4.22935
3.43671
6.20013
-0.482949
5.34695
4.50799
4.19078
5.18452
1.60247
5.28833
4.67706
5.07259
6.9398
0.998301
-2.23349
3.93427
4.34237
1.04029
6.12003
-2.0831
-1.46919
-0.502961
6.20182
-0.071187
6.1303
3.64972
5.1817
1.09246
5.90307
0.742547
4.5464
2.10805
5.09143
0.354279
1.63831
-0.328375
5.95968
3.8212
5.14162
3.7837
3.57039
2.06462
5.40864
5.39315
3.97193
6.15357
4.92967
3.89203
5.05817
5.65696
0.445387
4.51618
5.62695
1.77792
3.93912
0.951305
-1.87448
-0.205571
4.80395
5.33114
6.43502
6.53996
1.59239
3.42641
5.71334
6.03029
5.28593
6.06077
4.97574
1.5485
4.98166
3.07397
4.46087
0.479767
2.85951
5.51125
5.16533
3.88912
4.01364
0.816136
5.51472
0.304079
5.23443
6.59839
0.700731
1.53584
1.55528
4.67366
5.77881
3.99026
5.97671
6.50427
5.53599
1.57832
1.19159
4.45575
-0.50459
4.62371
6.49985
-0.496454
4.97346
3.79233
1.09552
1.91086
4.43968
6.14127
5.1249
5.8191
5.17394
-0.155143
5.27421
-0.484566
5.35923
5.13792
0.104071
0.501587
4.9951
3.80617
1.55374
5.12071
4.49626
2.75069
2.18588
5.36148
6.02938
5.40427
3.02353
2.11407
-0.988588
4.05858
1.86597
5.63468
4.26211
3.58495
3.59078
0.366205
5.53429
4.8909
6.92968
5.19599
4.04664
0.0196825
6.99927
5.47358
6.66651
4.40608
4.52539
4.78342
6.49927
1.06885
5.12598
-1.80452
5.50303
6.38607
3.65021
5.17182
5.42598
1.53368
5.89679
2.70539
6.35266
2.05653
5.48482
7.06598
5.82676
3.88704
5.05461
-1.28142
1.76467
5.29863
1.04236
5.35946
-1.52159
4.82259
-0.400668
-0.958338
3.58723
-1.08677
-0.725494
4.57727
5.26085
5.3419
0.32574
1.7499
5.44175
6.30296
4.55267
-1.16226
6.63296
1.56789
1.57648
4.24605
4.02387
0.485731
3.73203
0.339831
3.58215
5.33254
5.02266
1.69427
3.45284
-0.749277
-2.31742
-1.049
3.96557
5.06576
-0.10601
5.5964
4.32643
-0.86555
3.85806
5.82488
5.01097
1.78351
3.0308
1.54295
1.60216
2.96465
5.87101
4.99535
-0.338079
1.94284
1.11457
5.57718
5.82269
4.50708
5.87912
3.53606
5.78916
3.67139
2.55008
0.986427
1.09995
5.80699
6.54869
2.32063
5.75877
1.55651
3.85594
0.448198
2.50959
5.48634
1.83262
7.03603
4.2335
5.43816
3.86313
6.42613
3.9528
4.84162
1.54727
-0.106957
5.24422
5.3686
5.43188
3.58926
6.0522
3.88538
4.73232
4.88229
6.43937
3.9566
5.91253
3.63705
1.20358
5.42145
3.02696
6.15033
2.67624
0.645538
5.42905
1.90799
3.19285
5.83698
6.04849
0.461818
7.1338
1.74546
5.40682
4.54221
1.31651
4.85129
2.94063
4.56722
4.40957
6.90966
2.01851
4.77649
6.01849
0.594175
5.84871
2.58567
4.15341
5.46842
5.6616
4.99598
4.12025
5.84521
1.57157
5.99911
-0.595762
1.16115
-1.04356
4.75258
5.18815
2.46375
4.17485
0.0196825
6.45089
4.59709
6.65574
3.17054
5.76131
4.80193
4.99673
6.11395
1.06233
1.17924
2.49275
6.00411
5.07247
3.63313
5.14828
4.85129
1.7882
1.34527
6.52798
5.62943
4.83684
4.74337
4.12445
6.20606
1.78586
-1.23617
4.25734
5.08597
6.521
4.75491
6.49809
3.33292
1.10642
4.19183
7.01036
5.65011
1.35139
1.77439
3.77814
4.96195
3.57705
4.27517
5.38882
5.93946
4.83671
3.23121
6.16866
2.73558
0.116897
4.14043
3.12316
6.22256
5.36302
5.80838
5.22229
3.09556
0.187222
1.77968
4.96727
1.33334
1.7738
4.54849
-1.95302
-0.52039
4.60206
5.16509
-1.27077
4.56471
5.20393
4.8709
5.05645
6.50103
6.12535
6.36708
5.37146
3.13419
4.84441
4.60847
0.199734
6.10072
6.21032
1.38887
3.15365
0.959761
4.42034
6.07754
3.20099
1.00353
6.09782
2.82577
2.09833
-0.79572
1.80374
3.87744
0.547581
6.92114
6.67178
5.49002
4.71858
3.12583
1.79524
1.31813
1.26959
4.99886
4.16058
3.93366
5.32799
1.8396
0.126154
6.78543
5.089
4.0283
4.69903
6.51678
4.74791
6.28995
0.599188
3.7888
4.81965
-0.704871
6.10634
5.02972
4.22121
1.58322
0.814677
6.12733
4.82192
4.59987
2.59178
1.55928
3.85869
0.438955
2.33695
6.00393
4.81228
1.56697
6.26039
5.87392
3.89887
5.13828
-0.845565
6.55499
5.40706
5.45466
-0.97144
0.670964
7.11226
5.15741
2.50279
4.3616
4.00277
2.28438
3.86946
4.4903
4.86552
6.20076
5.18099
-1.3657
4.14423
6.12062
4.62139
3.93244
4.84308
6.93707
5.80282
6.5102
1.90455
5.66794
-0.480794
6.39688
5.80853
6.07451
6.36758
2.04114
2.29666
1.91487
1.89536
0.650104
5.3151
0.502773
2.21186
5.07856
4.96752
5.94355
5.79851
0.957649
2.57043
3.88725
0.415948
2.02773
4.61487
5.41937
5.16072
5.28696
4.14134
0.786496
3.59457
0.189382
2.52349
1.45917
5.50201
2.98748
1.76879
2.14939
5.55633
0.223767
-1.36649
-1.38173
1.65251
1.34012
2.3059
-0.353469
5.89219
5.56745
5.29358
3.61609
4.38098
5.05216
4.28881
2.05832
1.66697
4.44952
4.23074
4.53487
5.22912
2.18278
4.89532
-0.8437
-2.22294
4.07924
5.1797
5.97164
6.53226
4.85947
1.30353
3.8606
1.00353
-0.886973
3.90547
5.56373
-2.51979
4.24245
3.98417
4.25734
2.95439
1.22216
-1.37932
0.789433
5.8894
-1.10976
3.39705
-0.134058
3.1555
-0.318195
4.97599
2.93583
5.04737
1.82505
6.70045
1.45854
1.69696
4.42144
0.379319
6.14569
4.37857
1.78086
4.5549
-0.921412
0.943538
-0.508939
5.67402
6.68439
4.77581
-0.34525
1.45917
4.43278
4.58316
4.70785
4.96296
-0.21782
2.66943
1.36263
3.77547
5.0481
2.6268
4.80731
1.35878
5.80066
4.90038
4.94758
5.11194
3.40818
1.55066
1.40543
-0.0937306
-0.509484
3.83888
4.80449
3.79762
-1.94717
3.59457
4.62631
1.65492
4.76914
0.567842
6.34334
6.27143
4.08129
6.13907
-0.177344
4.08948
5.46341
3.34437
-1.93901
3.64681
6.58505
4.43089
1.45225
0.457817
4.05328
5.2297
3.42728
1.48674
3.55281
4.77145
5.81536
5.95916
5.49984
5.0924
6.71128
1.46168
3.15809
-2.16757
3.13872
4.47848
3.58672
5.3259
6.46173
0.943185
5.39508
2.10648
1.56144
0.853152
4.09152
4.33005
0.944598
3.35266
-0.171053
6.04682
3.71704
0.736228
1.46105
-0.854287
2.32063
2.85789
2.18519
4.45092
0.886967
4.45932
0.341072
2.06673
4.43749
4.88725
1.94028
5.07247
4.87103
3.11662
5.27705
4.51693
6.15276
5.76266
-2.35298
0.501191
6.41389
1.05133
-0.350898
2.05058
2.95439
4.97901
2.50166
5.84426
0.0486566
5.55422
5.63192
5.63676
0.80116
-1.17018
1.85584
5.29805
2.28595
6.13687
5.70248
2.2201
3.42584
4.83565
0.0151317
4.82886
-2.51337
-0.289379
4.79924
5.37623
4.32972
-0.107904
6.57782
3.81708
4.63625
5.37015
0.809568
1.73865
-0.757655
5.7982
-0.546195
3.60287
4.78897
3.14808
4.72373
1.26828
4.74557
4.92762
4.89921
3.82726
5.56294
4.81978
2.06192
5.59208
4.35802
3.85975
3.14957
4.64214
4.24502
6.25614
5.25891
4.62081
3.18068
3.39322
4.54789
5.02402
5.85797
5.97391
6.33847
-1.90917
5.47774
5.83666
6.23889
-1.32699
4.94554
6.15864
4.5814
3.94899
0.851706
5.25742
6.09089
3.55333
4.77595
-0.815902
4.43843
6.21161
5.80513
4.81536
5.11267
5.68227
4.48677
5.80869
3.60712
1.7107
6.48502
3.71588
5.81024
5.90837
6.55058
3.28066
1.98057
1.25449
5.87262
5.77774
4.84295
5.52974
2.99998
2.79246
3.46904
5.62723
2.78764
0.703357
5.24928
6.2477
-0.432757
3.70214
2.02657
5.51318
1.14197
6.57261
6.12397
0.934341
6.6466
4.81443
4.91797
-0.687328
5.23339
1.39907
-0.328375
4.83152
3.83114
5.47685
5.20031
4.14098
4.65859
1.90312
-0.944664
1.74368
1.67629
1.80052
3.43243
4.72331
4.0119
-0.306027
6.04812
5.79728
6.70926
4.9936
5.97008
4.68778
1.84367
4.65274
7.06598
6.5111
-1.83315
5.34202
-0.438053
2.61866
6.59002
-0.576716
4.88542
-2.89388
1.62497
4.10373
3.74164
4.45497
-0.111694
5.82864
1.83989
4.32478
2.06192
0.137141
4.39524
0.130114
5.66611
6.33653
3.49567
4.41274
4.08092
4.39061
3.10576
4.37066
5.10195
5.70769
-0.541234
-1.06746
2.64441
4.58463
-1.69937
3.36875
6.25347
4.46629
-1.2154
4.91319
5.37206
4.69397
1.76408
-0.0618417
4.21182
4.86985
4.02156
1.33818
5.62571
0.0269504
3.93851
5.27068
4.76627
3.7963
2.56205
5.82519
0.458618
4.51087
3.21186
5.72238
6.92571
3.40847
3.74801
5.71334
6.44566
0.821965
3.80836
4.70197
5.29886
4.15574
-2.4903
5.14197
5.37015
-1.26093
5.194
6.20415
5.37361
5.9266
-2.06489
4.31684
4.69102
1.45193
3.85488
5.67956
5.9876
4.48769
6.63154
1.75049
6.46566
-1.2883
1.58689
5.55013
4.82366
0.760703
4.17005
1.79026
3.046
3.79784
6.19612
3.26852
3.7974
-1.4307
3.37387
5.82331
3.75345
4.35493
6.31071
5.50444
5.4415
0.975571
3.78857
0.101854
5.40609
1.55744
3.83458
5.69055
5.02241
4.56974
5.40548
5.06037
2.32686
-0.513296
6.50605
5.20533
6.13368
3.49213
5.84553
5.45766
3.41863
-2.02933
5.4004
0.557725
6.45504
4.71691
0.906624
2.97843
3.05969
4.33696
5.34884
4.34106
2.94111
3.54734
3.44522
1.58475
6.12397
5.11435
-1.1774
1.04616
5.71946
-1.3761
2.10742
4.76668
7.0959
4.41876
0.830329
6.11141
0.228468
4.60089
2.17866
3.43728
2.52291
3.14173
5.97286
3.46876
0.744775
5.88058
4.54072
6.12575
4.42554
2.0801
4.81054
6.5111
0.842662
5.03739
5.22055
4.94923
-3.09177
6.16764
4.31418
3.36815
1.26336
5.52286
2.1715
-0.722538
1.34624
-0.676861
0.716464
5.36089
3.59507
4.10594
5.179
4.77772
5.7513
5.10327
5.8996
4.71984
5.59194
5.68726
5.78078
5.71102
3.3354
5.9293
4.98531
7.00348
5.83998
3.68897
3.59557
4.88959
3.64486
-1.40116
5.39907
6.17857
4.1604
6.49022
5.09264
4.71997
4.59446
-0.0293499
5.95744
4.92428
5.6476
0.912325
0.570173
4.24193
-1.5277
-2.86206
6.5512
2.11853
4.56426
5.29336
4.40099
6.27779
5.09203
0.0192277
4.96967
4.41243
6.29157
2.87126
4.70813
-1.89676
6.24549
6.25436
3.1518
3.05804
2.11884
6.22993
4.26602
2.00909
-0.571697
5.84728
6.39844
-2.68949
2.94445
-2.2945
5.75966
4.957
3.22984
-0.319212
-0.826365
-1.16801
6.92571
0.254421
1.5411
4.49596
5.05032
4.65674
-1.21762
4.32758
5.6029
3.75096
4.65717
0.601115
5.33184
2.01307
4.38017
1.72885
0.613805
3.34468
6.68016
5.2849
0.482949
2.83143
4.82005
2.09739
5.76041
4.73301
0.926542
0.904841
5.3486
4.28107
5.18193
3.82337
4.61371
5.61092
5.35367
4.54565
6.56326
5.10978
6.1222
6.18793
5.64453
6.28949
5.66921
6.16313
4.00102
4.49152
0.543672
1.48487
4.17716
1.88702
4.0329
-0.224702
4.74598
2.23797
5.60806
7.20984
0.0369171
5.79651
5.05829
5.25284
4.14116
4.79843
0.182031
-0.243461
5.11771
6.09705
-1.43734
3.28262
4.69102
4.70449
-2.10027
5.34648
1.15645
3.69815
6.31663
5.28183
-0.486184
6.53471
5.36432
6.16048
4.93505
5.75877
4.23505
-1.49992
5.09445
2.47966
0.0522602
4.94247
5.64092
6.48617
-1.50337
4.12828
1.91258
4.40146
0.728409
5.01955
4.87981
5.48482
0.935403
6.20628
6.70164
1.64224
5.34437
-1.2051
-0.405903
5.15373
5.09663
4.47494
-2.58063
4.48631
4.48585
6.83254
5.83115
4.86368
5.38509
5.35308
-1.61861
5.25971
5.31037
5.49015
4.62428
3.39381
-0.312612
0.669829
1.49829
0.826331
3.07438
5.74907
4.71371
0.0661866
3.92777
5.10267
6.61683
3.29718
0.999696
5.83888
4.34269
5.99148
6.8949
5.68426
-0.810993
-0.102227
3.29718
0.459018
2.01422
3.72997
-0.344738
6.96919
5.03479
4.92518
4.71343
-3.06745
5.90042
5.90141
5.77064
6.92637
5.91754
1.38281
5.91153
2.89107
5.07479
5.68341
1.82884
5.00086
5.61529
4.16898
-1.46497
2.31159
4.03271
3.35051
6.28949
4.729
4.0329
1.21056
5.29587
-0.0109318
6.59603
2.31651
4.04683
-1.73992
-0.704284
6.60346
1.36231
6.07299
0.205758
4.01655
4.07475
5.40076
0.440564
0.625305
4.55267
6.08401
6.02084
0.814312
1.09007
3.37537
0.755894
5.96227
5.01943
4.32906
5.46504
5.70566
5.36682
3.45733
5.79421
1.37449
5.56201
4.9514
5.93403
5.00198
-0.77752
4.89155
-0.656056
3.47678
5.58615
0.486128
4.87234
4.01674
1.93772
5.45903
2.9798
1.42605
6.05164
2.36418
0.650484
4.87575
6.53318
6.09685
-0.546195
4.88712
0.149404
4.92723
1.47705
1.3272
5.75339
1.92716
1.75345
2.07704
3.46264
4.56826
5.94474
0.226759
0.841575
0.745146
6.32091
3.27214
1.47642
3.48475
4.83405
4.03692
5.25421
5.8958
1.61191
4.02464
-1.25264
3.35357
1.97859
-2.26271
4.0148
5.71538
-2.1605
4.70001
-0.604209
5.94936
4.12627
5.33488
5.35167
5.80977
0.131872
2.92122
6.612
5.05658
5.34003
4.83405
1.78262
4.01848
3.00439
0.631424
6.85428
3.18607
1.39079
2.98793
3.94698
3.67139
6.56294
5.13005
5.47522
6.31166
7.04091
3.27543
5.27944
2.13952
5.76928
3.50163
5.8702
3.97648
0.177265
6.41999
0.976272
1.88616
1.99186
-0.359132
5.06905
5.72736
0.733624
3.27313
6.37589
6.26533
3.2672
5.40718
1.797
5.51846
3.96498
1.80461
1.5875
2.22299
-0.556699
4.26941
4.68525
5.86246
6.31544
-0.675121
6.59536
6.33799
5.83666
3.97608
4.27956
4.84122
4.84798
4.83166
7.03895
0.950247
-2.46996
-2.99042
2.1749
6.36783
5.17523
5.82519
-2.33417
4.17449
4.13989
-1.9263
5.88156
3.9558
1.86366
4.93044
-1.68287
6.61028
4.33433
1.99271
4.61109
-0.672802
4.933
5.26543
4.38017
6.5219
5.28833
6.73274
4.93505
5.02551
3.47457
5.70581
1.3259
5.47396
6.40862
3.1669
1.95621
6.122
5.89811
5.83556
3.33167
4.69636
4.63165
4.20588
2.18726
0.565121
4.22745
1.34688
6.07735
3.35815
5.01906
0.924058
4.27398
4.07868
4.55565
1.9034
6.14771
-0.457204
4.54535
6.35489
4.6951
6.0932
5.20591
6.41601
-2.37398
5.57451
0.965389
1.34849
5.20101
5.10785
-0.732605
3.79189
0.445387
1.41687
6.35538
4.60031
5.11555
5.18287
6.05499
6.6437
0.349332
-1.80452
2.03558
0.407434
5.63288
-0.940772
-1.25264
5.9839
5.55
4.45435
5.68341
0.00646739
2.32228
5.11567
5.52974
4.77649
5.18428
4.28797
0.851345
3.51829
3.15402
1.76938
4.65117
6.06246
4.44843
6.04941
2.00399
3.51508
5.70219
7.05944
0.313259
1.17188
0.109384
6.18543
4.51708
5.92576
4.70757
5.56095
2.82349
-0.88634
-2.47398
0.367847
3.93224
-2.05334
3.78813
3.53474
5.33663
5.26931
5.55448
5.08925
5.54711
4.3112
4.8832
4.87876
4.9031
6.00322
6.73612
5.04146
5.15077
6.06508
1.00771
6.13348
5.33021
3.9558
3.6951
4.89272
-0.968814
6.1013
4.59987
5.35037
4.82379
4.40019
4.28444
0.803355
5.26565
6.82434
1.45854
3.86735
4.67068
4.32774
6.26331
4.94783
3.05804
6.5378
4.73951
5.81241
3.03336
2.16609
-1.88446
0.149841
5.17641
5.56918
5.77139
3.39085
1.41591
4.65117
5.3905
1.71636
5.4201
4.28629
0.554607
6.48415
6.46425
3.04055
3.90052
4.17129
3.38105
0.340658
4.89584
1.81981
1.507
3.94899
6.03486
1.77763
4.34727
6.18543
6.82637
-2.42331
5.31823
2.18796
3.21186
2.9807
1.39875
4.73287
4.69173
3.18104
6.26196
5.17512
-1.66464
3.45228
-0.0998643
5.33757
3.32886
4.31634
2.53599
5.71553
0.00920601
4.08744
4.38339
2.7061
1.71636
2.80495
4.30254
2.22481
4.96739
6.03066
3.57347
2.88124
0.872612
1.04374
5.32659
3.1285
5.99574
-2.65347
4.58713
4.55594
5.67985
5.74595
0.668315
1.50918
1.59239
1.12067
5.75862
4.06442
6.56007
4.4649
4.769
4.68708
6.33508
-1.4415
5.13947
1.7682
2.48236
0.810298
0.770303
0.109384
2.32811
4.10778
4.24211
6.51319
1.13995
4.44281
1.1071
1.31489
4.82873
1.78204
4.11036
5.34355
4.92466
5.75936
-0.374118
5.75862
4.71747
3.04349
1.32817
2.26501
2.01507
1.14602
4.70827
4.17361
4.50282
4.73509
5.63994
3.0991
5.34355
2.10333
5.67232
1.31619
0.464216
3.93183
5.26394
2.20334
5.34719
1.4858
5.68127
5.97461
5.29622
5.62681
-0.262839
-2.66979
5.39713
3.73387
5.57972
4.33153
3.85806
-0.592952
5.62296
5.01234
3.02008
4.99848
6.72026
5.16013
5.14031
0.555776
1.61586
5.8107
-0.148419
1.97039
-1.00988
1.26008
4.5607
5.50855
3.55878
5.00111
1.0216
3.9824
2.22155
5.09578
4.63697
6.1562
6.36383
6.33944
4.64272
4.97712
2.62234
4.2085
1.92059
-0.156105
5.0589
5.28468
5.74268
0.606504
3.23429
5.0338
2.1198
0.906268
5.17464
5.42647
4.64845
5.2502
2.02196
6.85428
0.709729
-2.32075
1.59728
0.222056
4.27736
3.98515
0.821601
1.09143
4.90518
2.47112
6.93302
6.57326
0.420804
4.99585
4.51451
2.30671
5.36444
5.16687
1.34881
4.16898
-0.154662
6.1465
1.82534
0.186357
3.68897
5.22472
3.19746
5.9984
-0.533536
1.81017
5.99255
5.25719
5.02489
0.501191
3.33229
4.48002
3.36149
4.19465
5.97601
1.93059
4.58786
2.6547
4.68567
1.82185
0.413517
4.65303
2.11884
5.4352
5.15409
5.14078
1.88271
5.07917
-0.0688481
1.50669
-0.375155
-0.827599
2.10365
2.83591
5.44745
5.50701
-0.00267829
4.49931
0.375226
5.90887
6.71168
5.40888
2.93872
4.63251
0.163363
5.80699
5.66441
-0.432228
0.886967
5.43139
4.21112
5.51537
6.29226
4.72553
1.89105
6.69022
-0.458272
3.66565
-0.517659
5.75383
4.26738
3.62871
0.558894
5.4446
2.26731
0.338176
6.09801
5.65374
5.84982
2.00767
1.02576
0.79933
0.512251
6.74855
-0.324808
4.9159
5.15326
5.89137
1.78938
-1.30678
3.7138
-2.29936
5.94679
2.19876
4.49397
6.15134
0.0014405
2.15669
-1.88892
5.24284
1.9616
2.15038
4.78545
5.50534
5.08524
5.72399
-2.87531
5.23731
0.319505
0.294036
1.05133
0.996208
0.290682
4.81134
3.23087
3.73616
6.40705
6.35094
5.36432
6.04202
3.23565
5.81458
3.74846
6.25793
2.47751
2.39217
4.93877
5.44571
2.78642
3.45649
5.55646
-1.67038
6.23867
0.379319
3.33416
5.33091
5.64217
-0.100337
-0.561689
1.87752
1.38153
4.8167
4.63539
-2.33926
6.33025
4.35037
-2.26271
1.74428
5.11279
4.06461
4.60512
2.50959
1.54604
4.40051
4.01674
6.52402
5.52545
0.525637
4.52116
3.91594
3.50271
1.04995
5.8827
1.68499
4.14242
1.52811
3.69604
5.08306
4.75299
5.12143
3.32229
3.99848
3.15735
6.97913
1.04133
4.4573
4.33022
3.97747
4.68863
0.889832
4.02464
6.97991
-0.213405
4.57417
5.80575
2.67624
6.59469
-0.852416
5.11255
5.9152
1.75138
1.55128
4.85274
6.13847
5.62985
5.8191
5.58589
1.74398
-2.42331
-1.48107
6.65721
-1.62324
6.17072
4.33104
0.510279
5.2921
5.67105
4.74983
4.97435
2.02311
5.4698
3.63166
5.74595
-0.752864
6.1734
-0.513296
0.297387
5.59491
4.39508
5.1606
5.53886
3.38284
3.45593
4.05876
2.00512
-0.714867
3.54839
5.75787
0.860009
4.90958
-0.594076
1.79202
5.49079
5.5403
5.87765
1.07434
4.57299
-0.0353589
6.55246
-1.23319
-0.874347
0.484539
3.68021
5.22599
5.53755
-2.39736
2.24987
2.7729
5.80869
5.57651
5.98654
6.12338
2.4601
2.31774
1.69068
4.33186
4.33909
3.72236
4.34776
5.29393
1.69218
4.77731
1.12677
5.85909
5.53507
6.78496
4.4984
5.39086
-1.5838
0.482154
5.24641
5.28456
2.69827
3.93041
4.10557
3.48913
5.18088
6.32545
0.780983
5.81365
5.35273
3.82142
6.39094
1.55035
5.84014
-0.128809
5.49907
5.43631
3.54603
-1.12241
1.67359
4.67493
0.248057
0.798232
4.82486
3.34714
5.038
5.73368
3.85296
-1.11186
2.85356
5.03776
5.95331
4.71691
7.0247
6.13388
0.0769278
1.72231
3.10732
5.36634
-0.673961
1.02126
3.81251
-0.229627
5.39701
5.35391
3.8279
6.47784
4.79937
5.01097
5.99911
1.98029
5.55158
6.7604
2.01822
-0.154182
1.61343
3.08802
6.69295
6.09262
0.857123
3.433
5.21521
2.1451
5.92761
4.58493
4.06931
4.3077
4.80987
4.9603
6.30765
0.317008
1.54172
6.03193
3.73776
3.9822
4.49198
-0.545644
3.98181
5.9602
6.88011
4.9449
5.88515
5.3419
4.53787
-1.16729
4.84202
6.54869
4.796
3.45284
1.12575
-2.91881
4.44406
4.99773
5.45716
3.59935
5.55738
4.84096
-0.294414
4.32263
3.90588
4.07905
-1.03611
4.32412
4.49824
4.72039
0.610348
4.19606
5.047
2.87443
5.36397
4.97359
5.71044
1.33883
0.182031
3.14547
-0.972754
3.69933
3.89369
0.167714
6.36009
-0.0857277
5.17782
1.44248
4.17022
1.94398
4.52222
0.769934
3.57603
5.41888
-0.454536
4.04016
1.33366
0.384225
5.13184
0.656943
4.50007
6.20034
6.44896
3.85211
5.00173
1.45634
4.53216
5.66794
5.26554
5.96539
2.5372
2.14378
6.63048
2.05683
3.9572
5.09506
-0.104591
0.545236
5.54619
6.49927
0.259926
0.845196
4.10778
4.35428
-0.362742
-1.24214
4.66585
1.12169
5.10412
4.63999
2.01793
-0.718994
3.78326
4.47571
-0.517659
5.6242
1.14804
6.28719
4.23402
5.3061
6.0619
1.30288
-0.422195
-1.54531
0.789066
3.2143
5.40658
4.61617
4.74612
1.27352
5.0422
5.88237
5.18111
5.61351
3.46347
1.26533
6.09763
4.25904
4.96651
5.57691
5.50175
2.04615
4.88842
-1.15437
-1.33012
0.76772
5.00098
3.81011
0.152899
1.20823
4.86184
4.31186
1.62376
5.44894
5.97741
2.2465
4.88712
6.0102
6.04627
4.09671
4.86341
-2.562
3.74255
6.0509
4.95865
1.29018
4.42223
5.28058
4.68961
1.8052
1.57311
5.12837
4.74033
1.85208
6.59335
5.05498
5.92711
4.29535
5.4179
3.2751
3.68803
2.1392
3.47595
-0.989913
2.15237
1.12237
0.614573
0.680031
4.42759
4.93825
5.46378
5.85142
-2.04444
1.98876
-0.726678
1.93373
4.39923
5.98478
4.58037
3.46598
4.25819
3.86144
1.15208
4.37309
3.13797
-0.856161
6.16027
2.45545
0.152462
3.00922
3.12926
7.05518
1.6516
-2.08835
4.92813
-1.40687
1.85816
0.0813929
1.02646
6.02392
1.01917
6.25704
5.31025
6.89429
1.68139
5.61885
4.27043
4.24537
-0.549508
6.14127
4.4666
1.71487
5.07892
1.21189
2.17048
1.75315
3.96418
5.27637
4.3077
0.239128
4.60381
4.06931
2.1474
6.49663
6.12042
5.0884
4.94872
6.22148
-2.27847
1.24462
1.28757
0.0983051
-0.919485
4.66244
4.34678
5.9906
4.10962
3.72075
4.6076
3.26852
0.77583
5.94457
6.25771
0.879078
5.56838
5.31418
1.3272
0.160314
3.8625
6.0093
1.17724
-2.24109
5.21626
5.17712
3.13683
1.04409
5.91487
0.80116
-0.535733
6.64118
-1.29906
1.00074
2.99643
5.09808
5.41973
6.64442
1.82651
3.34468
4.2777
6.29041
6.84247
6.39301
5.75966
6.1617
4.73716
5.50906
1.37705
1.99553
4.34613
4.8534
-1.86787
5.05204
5.65556
5.09711
5.08415
6.09454
1.43048
6.00054
5.38581
5.80977
6.9707
1.20823
4.3616
5.48812
4.87798
5.41205
0.101411
7.23316
4.34727
-1.0032
5.52662
1.52129
3.43129
4.6796
2.37622
5.07003
5.67558
4.35119
6.18022
-0.499706
5.16887
4.63381
-0.972754
5.30921
4.9159
4.90259
1.76378
6.53103
4.10392
4.55817
2.86434
5.05277
5.98954
3.72582
2.09864
5.47383
7.20274
5.52701
-1.57748
-0.203127
1.69158
2.0491
3.96677
1.34527
2.26501
6.18064
6.21503
3.08123
2.18692
4.56456
4.56811
3.65722
0.64668
-1.028
4.53742
2.07278
2.31037
0.412707
5.95847
5.52234
4.79775
6.6273
4.47694
-0.516567
4.9426
1.38217
5.66625
6.66839
2.13074
4.1613
4.76641
1.36199
5.60656
1.66607
1.81251
5.63219
1.12677
5.82409
1.02542
5.01246
-0.0242743
6.03047
4.00199
4.77391
0.830692
3.55047
5.19541
-1.05309
6.04553
1.49766
5.00935
3.02095
-1.50682
0.910188
4.03252
-1.13301
4.55296
6.55373
1.85034
1.16618
1.87377
5.74506
-0.0543854
5.84537
6.7573
5.88319
4.91694
-2.23804
3.58088
4.73287
5.40221
5.82832
5.30529
1.99975
4.63942
-2.11501
6.42909
1.87521
5.73206
1.94199
5.93403
5.34872
3.04181
4.79087
-1.46244
4.2836
2.96419
-0.11122
2.65074
5.60344
3.59759
2.39494
4.62544
0.50475
6.21997
-0.86179
6.26714
5.93302
5.06844
5.48229
1.05408
4.80879
4.13717
5.2448
-0.00588546
1.81017
4.44936
-2.53284
4.79411
4.63165
3.8199
5.39255
0.354691
2.32853
3.1518
4.7091
5.68041
4.67691
4.66983
2.05713
-0.821435
5.12945
5.13781
1.43428
5.46679
6.39896
4.90673
3.08443
1.6513
5.45342
0.0903049
0.861091
5.21672
5.02439
2.46375
4.59212
4.31236
0.710478
4.84507
7.05204
0.797865
4.38804
0.391978
5.6807
6.33049
2.25024
5.37396
2.85951
4.45683
2.28007
5.31268
1.0589
1.80666
2.4889
1.6501
5.77184
3.04684
-0.0492695
6.5341
5.74165
6.11571
5.77184
2.90932
1.51726
-0.881283
5.50752
3.64924
1.60978
5.06796
-0.432228
5.414
3.79938
4.42775
4.75998
5.30806
2.67549
7.08095
6.10188
1.88501
6.20947
1.08289
5.78352
4.38483
6.13887
5.80128
1.10744
5.62571
0.578707
5.01097
5.27398
5.45143
0.460218
2.48236
0.702982
3.7124
-0.892043
1.01605
2.2525
-1.06746
0.139334
5.22866
6.10809
4.55802
5.47244
4.49443
4.61022
1.25942
4.94936
3.5637
-0.516022
1.9528
3.9598
5.18698
5.06086
5.60425
-0.0460182
0.757744
4.66557
5.6973
0.105843
7.14597
1.57617
0.0871884
3.51696
1.98763
4.52328
-0.931071
5.40354
6.82842
5.6082
5.05952
-0.074933
0.785761
2.36198
1.7499
4.52026
6.33121
4.10115
4.93992
5.15539
4.97397
4.47185
5.62091
-0.625732
6.24505
4.37082
4.8387
6.26601
6.16846
4.51451
3.24987
5.40209
4.47293
2.30227
0.720574
2.09056
6.97836
5.01495
4.78247
4.31203
1.69846
1.14265
6.05555
4.89714
6.41574
5.31939
5.35497
2.02109
3.04558
4.93723
2.57699
6.25592
5.0338
5.70595
4.65717
6.299
4.71942
3.71658
0.461418
-0.0548509
1.75817
6.3126
0.661496
0.632571
3.51241
6.1471
1.8486
-1.27609
-0.492666
6.04184
0.0599046
4.1613
5.03813
4.81496
4.12664
5.11723
3.67688
3.76719
4.80166
4.44546
2.63283
5.10689
5.03837
2.42783
5.38978
1.66426
6.21396
1.76732
3.1304
5.01806
5.16025
5.79115
5.23385
3.15883
4.66201
3.18391
4.50068
2.21974
6.2595
3.38492
4.48279
3.90073
1.53306
6.05816
5.7785
4.3507
2.77414
5.40149
2.23687
3.32761
-0.841837
6.17298
2.56848
4.19007
1.78967
3.29203
4.97056
5.83257
5.77426
1.8236
5.42157
5.76131
5.55778
6.38402
1.80257
1.4048
5.14804
4.27415
6.15925
-2.55743
5.61433
4.70869
5.68755
1.97831
2.3412
-2.73765
2.14576
4.88412
4.4148
6.00179
5.43077
3.3873
6.46566
-0.951165
5.16498
1.50545
5.68113
0.364152
4.09356
4.44718
-1.8878
1.36231
2.09958
5.67928
-0.212915
5.09578
1.52377
5.1671
1.18492
5.28047
2.27347
5.68526
5.27774
4.13082
5.39134
0.623008
2.83982
-0.612118
3.74846
6.51289
2.25137
4.89076
3.33167
-1.87448
5.72619
4.74763
5.24859
3.10028
1.9283
0.84592
5.39484
6.23276
5.3446
3.66204
2.109
5.39086
3.37776
6.02446
3.53606
5.42659
3.91471
1.36392
3.86862
5.90821
4.96904
3.40614
4.63424
4.73149
6.47784
3.66445
4.52026
5.51898
-1.32387
-0.260347
-0.397531
4.91474
6.00679
1.79876
4.56752
4.73895
4.919
4.68933
3.96994
3.92228
-1.81717
0.91944
-1.10137
-0.554484
4.86039
6.319
6.21353
0.831419
3.9594
0.809568
6.35217
4.29853
5.17935
0.792368
6.20373
6.28535
4.07886
3.31282
6.13269
5.14958
1.86944
5.95193
1.80344
3.4169
6.4787
5.34754
2.17286
6.72771
0.436137
-1.70327
6.07811
2.31733
3.98751
5.85557
5.27239
4.07456
6.44978
5.18487
3.4472
3.75662
5.99769
5.65444
2.95203
3.52016
0.883025
1.49579
5.77684
1.76231
5.75488
2.53239
4.88255
4.38884
5.14138
0.847729
5.11867
0.807011
4.41702
5.67487
6.14388
5.50945
0.249755
4.90012
5.83304
4.23522
3.08603
5.85797
3.81838
6.43557
4.89597
4.84586
5.41461
5.76356
-0.381901
3.9747
-0.353469
4.02522
4.2099
4.26483
5.60929
3.88204
5.10797
5.02526
5.36243
3.6745
0.915172
4.92299
4.52494
5.10532
5.44323
1.9817
2.19947
4.78247
0.167279
0.299479
4.15521
5.48888
4.9542
4.72567
0.563954
5.48951
-0.0311976
4.92864
3.93952
4.35965
-2.07266
3.2559
4.26483
6.29946
1.87204
3.96259
5.07576
0.636007
1.92516
5.7215
1.42225
5.4261
5.22345
4.33564
3.88954
3.74824
4.18831
6.19928
1.76113
2.1451
5.5239
5.241
2.98883
5.22553
6.37135
4.29769
5.42598
4.3776
6.39197
1.71129
1.52346
2.52173
2.47484
6.00715
5.82019
2.3059
1.62983
-0.565021
5.22067
5.67388
4.39971
2.22047
5.98866
2.08963
4.15826
4.49565
3.08283
4.90906
0.618026
4.76299
4.13862
6.8778
6.76531
0.964335
3.69463
4.86315
4.21739
-0.278834
0.0169528
-2.29936
6.11905
4.01809
2.3059
6.05816
2.20263
3.48995
2.17695
3.22193
2.64285
5.94577
4.74474
5.11351
-1.18538
4.54431
4.30304
6.42372
5.57331
-1.89788
5.10761
3.31756
5.9261
1.28136
4.69973
0.0625984
5.03689
5.51691
-0.522029
4.86565
1.36167
5.74446
5.884
3.01445
6.012
5.67871
2.0743
5.10617
6.08936
1.84076
6.00125
0.786863
4.69622
6.32019
3.68472
5.3076
-1.01456
0.396459
5.3692
-2.24109
0.640585
5.29691
1.73687
3.952
3.93001
4.93134
-0.141709
3.18821
7.16799
3.37146
-0.020588
4.79897
5.05081
2.42052
5.05964
6.37766
6.43259
3.76786
0.994463
6.03761
5.31453
6.29783
4.75313
-0.950514
1.69427
5.69084
4.94707
5.40391
3.92594
4.69173
1.08802
-2.65616
0.785027
-0.93624
1.86741
4.12354
2.22953
5.8002
3.73433
5.2644
1.88213
2.13106
5.15776
1.7738
-0.224702
-0.279837
-1.05924
4.10962
2.20936
5.86971
3.6346
4.37824
-0.540133
5.85589
2.32063
4.95928
5.08488
5.06857
1.11084
2.65549
5.52571
4.32296
2.13171
5.35167
4.87954
5.73899
3.02611
5.74343
4.4029
5.60154
6.02356
4.0798
6.28972
3.73364
3.98614
-1.91372
3.0768
5.39472
3.68614
6.09185
2.31898
2.1128
5.51691
3.03336
5.64147
4.45388
5.52766
5.86455
3.73111
0.299898
3.06584
5.46767
2.12493
4.42286
3.92798
3.1116
4.24537
4.292
4.39205
5.17947
5.93725
4.36354
5.34601
0.515405
4.77676
0.920861
3.40789
0.328646
7.01476
6.69256
0.152462
4.06348
4.26058
3.34098
4.56545
6.23735
4.55207
4.14459
5.32171
5.96973
0.705607
3.17236
5.69888
1.66727
5.61065
2.1883
6.36858
1.17288
5.92458
7.07622
1.58077
-1.81294
5.36729
-1.65893
0.313676
4.58096
-0.839975
4.26483
5.96834
4.80005
1.30255
3.57423
3.49567
5.13673
4.57476
2.50166
3.13834
4.72761
4.37099
1.67479
5.34943
0.919795
5.30265
-0.236042
5.34026
4.89973
5.9132
4.21721
6.68131
6.35489
-1.80557
5.43668
2.41907
4.3102
1.38025
3.40468
-0.475415
5.78124
1.25482
5.96747
5.47094
1.89364
5.7823
5.29702
3.49349
3.40351
2.68738
5.86182
1.41115
4.12117
4.75093
3.6678
2.40997
4.16987
0.768089
4.55594
4.81991
4.92144
4.98355
5.735
4.9371
4.41686
2.95626
5.72472
-2.03938
5.1478
6.81084
5.1478
4.4984
3.42584
0.405404
2.57633
2.12397
5.07576
3.71542
5.21173
0.854957
4.82499
5.53104
1.93258
4.74516
4.10281
2.87126
4.72511
5.77094
5.78977
4.70477
4.47817
3.2589
5.28502
6.93504
-0.431699
6.51259
1.13488
3.75729
5.25776
6.72026
5.85941
3.79343
-0.111694
3.60161
5.74343
-0.418508
3.24953
-0.944015
1.23638
-0.405379
-0.1465
5.11447
5.42991
0.06529
2.96187
3.092
1.9057
6.30648
3.88933
4.98569
4.6397
2.87126
3.03038
2.71796
0.793102
3.29267
6.92375
5.71494
3.83866
6.87953
4.24004
1.92116
-0.260845
4.6556
5.33885
3.6417
0.894841
3.82618
-0.387622
-0.212915
6.88302
4.96904
5.07162
5.61474
4.15574
4.65931
3.6292
5.31812
2.59384
1.7241
4.87405
6.53842
1.81368
5.91721
5.60276
1.66697
6.63189
6.35143
3.44012
-0.207528
-1.11959
6.20034
5.36848
3.15809
1.45288
0.291101
5.7199
1.56666
4.80368
5.33663
-0.571697
5.80853
6.49313
4.78843
2.03208
2.48562
5.12778
5.05682
2.54698
3.81968
5.98919
5.5475
5.86343
6.00679
5.44584
5.68027
2.19108
1.77174
6.59235
4.28006
-0.00588546
3.97747
-0.258356
1.85353
4.81925
0.0742458
6.10556
3.61112
4.69903
4.0119
5.06942
5.24813
4.06254
1.0668
5.63454
-0.325317
5.43545
5.98795
4.74488
-2.40101
4.15089
4.25051
6.79534
5.34143
5.99237
4.08502
1.93886
6.75996
5.20929
6.15094
5.3545
4.37985
-1.74494
4.55966
6.20118
1.3652
5.32788
5.57131
4.52946
3.71287
1.84105
4.61225
0.7299
1.45823
6.36208
3.00483
-0.834398
5.85445
-1.50164
-0.0469468
5.17064
3.0691
5.60861
3.78902
3.72675
6.22841
4.06931
4.94643
1.15577
1.93715
4.1426
0.931152
5.15966
0.108057
-1.29444
6.38351
0.9027
0.328231
2.57108
0.26331
3.2319
5.63786
0.514617
6.48675
0.469407
1.8991
5.11194
6.94393
6.36134
3.47871
6.66989
3.97865
5.43372
4.94017
5.39991
-0.0693157
5.49856
5.61707
3.67545
1.76909
1.80578
5.56175
4.6108
3.62303
6.65537
-1.19266
-0.286865
-0.853663
5.38761
4.3107
-0.428528
0.726918
2.45442
6.17815
4.48048
6.15681
6.66203
-1.4208
3.80836
1.06027
4.38467
5.40451
4.55043
3.02224
5.83603
6.66501
2.4911
5.60439
3.96736
4.52252
4.50692
-0.962915
4.02368
5.63233
4.07849
3.33509
4.30704
5.30127
0.464616
1.64949
5.90439
-1.35376
1.78204
3.62821
0.921927
5.09409
5.6405
4.95356
2.2439
5.7418
3.81903
3.64121
4.90971
5.31777
5.40561
-0.342687
2.24912
4.66059
-2.55063
1.80929
4.62428
6.31734
5.33207
5.11267
-0.280338
5.27398
1.29832
1.77616
-1.26774
2.05802
1.06611
5.41644
6.9022
4.33137
4.93031
5.43114
4.11916
5.30012
2.99687
1.87752
-0.979338
1.02472
4.14061
4.42775
6.00769
5.29381
4.7567
5.90704
5.23708
5.89006
5.82597
4.51844
-0.420088
3.71263
6.02883
5.27364
5.13733
-0.0353589
2.88436
4.89467
-0.900305
3.79388
1.85382
5.51035
5.87182
6.31615
4.50403
4.54341
4.5136
3.1614
4.44359
5.49971
3.68897
5.17982
6.07262
5.78276
5.07819
5.61338
0.207048
5.71088
-2.37932
3.52707
4.03347
1.19926
5.0947
-0.0302736
6.22754
4.94183
0.298224
4.99272
6.41389
4.22503
5.75966
4.56441
3.78459
3.41458
4.47077
3.81642
5.65109
4.14621
4.23281
4.15933
5.71218
0.35675
5.95899
1.21089
4.47602
-1.07847
0.937881
5.16521
3.47485
6.94255
2.88901
5.89268
6.29273
0.240831
5.95468
5.37611
5.53429
5.6014
4.28612
1.92202
4.98895
1.60033
4.10373
5.3023
5.42353
4.36905
2.85029
2.12044
5.71829
5.03961
1.25482
5.19248
5.20882
0.286905
1.38345
4.87103
5.52234
1.41655
2.9153
5.46805
4.34743
1.93572
1.00144
0.801526
6.11024
4.92607
6.43665
5.54711
4.21059
4.27905
1.66125
6.72563
4.80032
5.00473
5.53325
5.02266
3.64365
-0.179767
5.79283
6.57326
4.24245
4.93249
2.89363
1.95592
5.06466
4.27821
4.03978
-0.0890205
4.57077
5.93912
6.12023
-0.307039
4.9463
4.33614
1.95536
2.26616
4.55118
4.19042
6.42694
2.25967
-1.13159
6.19591
-1.64286
6.59002
4.22641
6.6266
3.7974
5.2023
4.26245
5.964
6.58241
-0.86179
1.73182
2.87915
3.05142
-0.205571
1.81426
6.15478
6.46594
5.94731
2.22408
6.27007
3.56833
2.37757
6.34922
4.03232
4.92415
4.08054
4.70687
5.57945
5.22831
-2.20512
4.20623
0.579095
5.61065
4.67181
4.36516
5.47648
5.50778
6.03596
1.57525
4.69074
5.76943
2.51418
-0.72727
-0.133581
4.04531
5.23085
-1.33169
6.04424
2.13074
3.53685
6.85646
5.13506
0.121749
5.61038
4.7593
5.40852
4.67111
-2.4424
1.63619
0.349744
5.90704
2.19317
6.25503
1.04857
5.84252
2.73691
3.81534
0.120868
-0.688494
6.05034
5.65781
5.59883
6.30671
5.08585
3.81425
5.00997
5.15883
3.30199
4.73274
6.10731
3.30231
1.48518
0.314926
5.9952
0.364563
4.69552
5.86182
6.64987
5.11771
3.53553
1.96784
3.66948
5.63828
1.42257
4.02868
6.37995
5.15741
5.87781
4.24605
3.50136
1.48268
-0.929781
4.30903
-0.835636
6.51798
1.25548
3.51106
1.06783
5.74328
6.22646
4.64559
2.25892
3.1749
0.0684273
5.40185
4.94643
2.39727
2.27386
6.8778
4.50251
5.6536
2.18072
7.00348
-2.17041
5.30345
4.10355
1.65462
1.56789
0.468609
-2.2753
4.42602
3.94134
-1.44566
3.0231
4.6566
5.32218
6.2402
0.269224
4.3012
1.55528
4.03806
6.11375
4.91668
3.11547
5.20544
6.31379
4.04093
4.25529
2.31569
2.0054
1.88357
5.84648
0.376045
4.33679
1.43396
5.09385
4.71399
3.73959
3.91533
5.45653
1.93201
5.24319
5.88694
4.3858
-2.17897
3.82488
2.89873
1.06577
0.271755
5.65067
5.93454
5.40779
6.23867
4.28276
4.08465
1.52377
0.732135
5.37922
2.87073
3.54368
4.45061
4.18088
-1.48193
1.02368
-1.05445
-1.89339
2.54084
4.74736
0.375636
-0.547851
1.9913
1.1315
4.10318
0.449803
3.34098
1.8544
4.12098
4.78938
0.35963
4.83352
0.234015
5.73544
0.251877
0.625305
3.18714
4.57373
5.56626
-2.13133
5.23408
5.45678
-1.93901
5.07965
1.30678
4.56515
4.87195
5.1484
1.965
6.15783
1.06542
2.85465
5.93946
-0.131671
6.77848
-1.79511
3.59683
4.44734
3.94718
5.22495
4.43858
5.72765
2.56654
0.879796
5.42782
5.92005
3.57986
0.867936
5.1058
4.63265
3.4244
5.0743
5.10689
3.13116
5.00436
-0.0335088
2.33779
5.49626
3.97371
4.15754
5.61351
4.18035
1.61677
5.91237
0.52878
5.65514
5.66978
5.11963
6.9603
3.21812
-1.51028
2.8885
-0.773292
5.28399
2.58567
5.95916
1.20624
5.48317
3.59406
-2.22896
4.74171
5.15587
-2.55289
0.279759
4.911
-1.95891
6.64334
5.68227
4.78586
0.0128539
6.2413
4.4666
6.26084
0.858927
3.82941
4.73177
-1.99118
1.53739
0.101411
4.50312
4.00219
1.30808
4.59666
7.11226
5.19436
4.5811
4.59534
5.15184
5.68198
4.61574
3.01489
1.74309
4.65988
5.32276
4.11091
0.58258
3.82898
3.76382
0.936111
3.74506
4.98543
0.229749
4.21391
5.41278
0.969956
4.48969
1.76024
2.20688
3.17924
6.56391
0.908406
5.77926
2.27347
5.68783
-0.673382
6.49692
6.21632
1.84744
4.3458
4.06046
3.00263
3.64535
6.84995
6.07262
6.02211
0.915172
4.98543
3.93912
1.33883
3.71124
-1.35376
5.82519
5.47913
-0.279336
4.91977
6.53164
3.55359
3.20275
5.23651
1.00562
5.71451
2.40335
3.35967
5.32788
2.3412
0.357573
-1.13584
6.06002
6.23691
3.67617
5.06111
6.46482
5.28308
4.81925
4.75313
3.13533
4.63769
0.198011
3.72213
4.92569
3.54289
6.74769
5.70841
4.31767
-0.0768077
6.1736
5.92475
5.7412
5.16863
4.34596
3.35541
5.78748
5.89498
1.56297
0.16075
2.18416
4.44015
0.941418
4.5461
6.08477
5.23939
1.74812
4.57801
5.63939
1.6271
5.05694
-2.2503
3.78037
3.97687
3.09595
5.07588
1.59911
5.11399
1.75463
3.55385
0.919084
4.26466
0.969605
5.34038
-1.74494
4.17769
-0.540684
2.26463
2.39494
5.08876
2.73558
5.63634
4.13064
2.60855
1.09893
1.16652
3.99535
-0.233573
5.08876
5.34237
4.88725
3.6702
1.35332
4.50236
2.64599
0.414733
2.40854
3.34714
5.01147
-0.586782
4.45481
-0.408524
-1.33718
5.03566
-0.0932592
5.68241
-1.61583
3.85041
1.57249
0.152899
7.02195
1.83466
5.88498
6.35687
0.807742
2.24688
4.50312
-0.417455
3.99985
4.74887
1.71487
5.62489
5.90191
-0.661818
-1.43651
-0.052059
5.08269
-2.88446
-0.135969
4.16148
1.63316
5.58454
2.10837
5.39846
5.11987
-0.977361
4.54027
5.262
2.02484
4.28411
3.37985
6.42212
5.21347
3.48667
5.4201
6.70564
0.429286
3.3354
5.49091
5.80405
1.27188
4.74488
0.841937
3.49022
6.19717
2.21687
-0.577274
-0.517113
4.30754
1.38536
3.90073
-2.01318
1.32202
3.91102
0.230603
5.84283
0.536233
5.97951
-0.237524
-0.411148
0.375226
6.34897
-1.52071
4.13482
5.17406
4.84758
4.76039
3.89535
-0.439114
5.26017
4.68976
5.16521
3.6373
1.36552
2.23283
0.30742
-0.620051
4.25153
3.84487
3.59305
1.7738
5.30276
5.40585
7.02286
5.20824
5.61597
5.54043
2.5372
5.59154
1.15107
6.01578
4.53952
5.6131
1.82185
5.85669
6.15053
4.74626
2.20475
4.78789
6.02428
4.682
5.66921
5.57477
2.78945
0.945305
3.13721
0.898415
5.19061
4.2915
2.69683
3.47125
4.55728
5.36682
2.08132
0.163363
4.22607
5.51704
-1.7693
1.63558
4.85643
4.2409
5.46566
5.61543
5.82754
4.10594
1.91802
5.25593
6.79868
3.92676
4.4632
5.06258
6.13169
0.755524
3.74801
3.84807
7.07739
-1.35376
5.21742
6.50991
5.78733
2.9807
5.27751
2.96927
4.48877
1.72737
3.41109
1.39238
4.83272
3.58164
3.96079
4.44562
5.46115
3.87408
1.37609
3.17852
5.22183
0.928316
-0.830687
4.76996
6.48415
5.14495
1.69547
2.96697
0.0688752
1.3019
4.49702
4.92954
4.01209
6.08572
5.39303
4.21356
2.21938
4.67904
6.26196
5.92173
6.02465
3.57628
2.33992
3.89245
4.20605
3.59457
5.49384
6.19338
2.48399
1.80842
5.90009
5.13959
6.01812
5.90821
6.81084
4.98933
4.88438
1.19026
-0.0178261
5.64119
0.430899
-1.11818
4.31501
5.30219
-1.30214
0.205758
5.34507
1.90312
5.73736
0.541324
3.83415
5.2044
5.02824
1.82272
0.581419
5.64467
1.98679
4.565
6.61131
5.48001
2.55887
6.99844
5.99131
4.8961
1.00771
3.84209
5.16486
1.03614
2.86808
1.4156
4.61719
6.494
5.02675
5.9583
6.1309
1.10404
4.54311
3.72005
5.20777
3.81142
1.9582
5.74461
-1.3737
5.29759
3.99926
2.17797
5.33921
-1.3091
0.840851
4.50464
1.58995
5.05474
3.50109
-0.353469
1.09416
4.98481
3.66565
4.90557
0.436137
4.97813
6.31213
3.78348
6.0589
1.93629
3.6417
5.79237
4.8151
4.88699
3.51241
6.40208
4.05101
5.48064
3.9369
3.60262
5.5339
6.94393
3.55437
3.4038
5.33312
3.81142
3.45199
6.37766
0.00738052
2.17797
4.99698
3.34806
4.16005
5.9968
3.84658
0.698102
4.24365
5.09373
5.6362
6.03175
0.0898598
6.31024
-0.0210486
6.76936
5.48558
5.75637
3.90114
1.77351
4.79492
5.47963
1.55559
4.0373
-0.555591
5.06074
0.501191
5.51395
4.55624
-2.36692
1.06988
1.53523
3.2823
4.34286
5.50842
0.311175
1.81426
0.239554
0.540542
4.65931
2.03616
-1.04628
6.10556
-0.0238133
-1.91258
5.442
4.35981
1.31781
5.79053
5.41047
0.49446
2.22735
4.3637
4.488
4.41923
4.57712
4.2078
0.480961
5.92593
1.2843
3.47319
3.67402
5.83714
5.56559
0.0260428
3.07195
6.74166
7.08335
5.48786
5.54357
3.96975
3.5986
1.81805
5.07454
4.98795
6.3409
1.21951
1.86915
4.02734
3.4267
4.43309
4.19975
3.90403
3.93062
3.16067
5.76672
1.99863
0.570173
6.69178
6.04074
2.56913
5.25444
1.33334
6.55816
5.23362
6.44896
5.06673
6.65684
6.49663
-0.972754
0.0251349
-1.90465
2.45084
-1.70719
4.15359
5.02055
-0.911794
5.15373
-1.1912
4.53096
5.40597
1.71785
5.72092
1.97605
5.78595
4.04131
-0.718994
0.0679793
3.88871
4.57653
5.20789
4.79533
5.29759
5.71902
5.51846
4.86065
0.134508
5.98443
5.22634
5.20742
6.80061
5.39762
-0.77752
4.42334
5.22356
5.31522
2.09428
1.7232
4.80166
-0.458806
5.09361
3.82877
2.06402
4.04759
-1.32543
4.40274
3.39558
4.40369
3.11353
3.73959
-1.8591
-0.491585
0.957297
0.0274041
6.02428
3.91041
5.03405
-1.67133
3.77346
5.21498
0.625305
-0.86179
5.76838
-2.11366
1.76231
5.39882
5.01047
5.43693
2.13528
5.72706
3.43014
0.994812
-0.73498
3.1116
6.24903
4.7265
5.13184
5.60997
4.71371
1.43459
5.31071
4.3637
-1.38657
5.75294
0.380546
3.19569
0.0920844
5.84696
0.80299
3.82228
-0.656056
3.93973
0.976272
4.94362
5.87928
-0.371011
-0.283851
5.43397
1.19593
1.53863
3.51696
6.77618
6.39585
4.38098
6.01092
3.76921
4.80893
0.0287648
4.96866
5.77578
4.62717
4.41734
4.24485
5.58911
4.50175
6.33605
4.79316
4.30437
1.55313
5.55369
3.47014
5.52325
4.10392
-1.85583
2.07857
2.0234
6.06922
5.02997
5.27728
2.04114
3.60812
0.567065
5.42647
3.53922
3.65771
-1.58925
5.03183
3.64851
2.25664
3.3385
-1.25866
4.31219
6.36583
5.809
5.17323
2.74483
4.98858
2.91182
6.29993
5.76597
4.90777
3.39499
1.45068
5.13733
0.362508
1.65311
1.61981
6.19949
2.70327
5.85781
0.511462
5.09856
3.42325
3.89473
5.94304
6.43097
3.71565
-2.31081
5.02625
5.26657
6.86755
5.08828
1.76378
5.73736
5.78032
6.91218
1.14265
5.57038
4.1197
6.26443
5.17958
5.61529
1.50949
0.384633
2.86166
3.43614
4.43027
5.86134
-0.357071
5.05314
-0.582303
0.938588
-0.793894
-2.30753
1.9474
6.51289
4.0474
5.04577
0.516587
1.19459
6.38198
3.97668
5.09953
1.34946
6.94463
-1.76113
6.64442
0.557725
4.76176
4.69032
0.836863
4.2252
5.56599
-1.81083
3.93244
6.88596
0.969605
5.43225
1.4598
4.35396
0.514223
5.57731
4.59109
4.33334
-2.84105
6.39043
1.67869
3.85721
4.52494
5.30518
2.06673
5.31823
2.96326
2.61647
3.91799
-0.633708
1.34753
3.55593
4.3805
6.30296
2.88746
5.19038
6.12654
5.2984
3.49594
1.41306
1.86366
2.08685
6.72605
3.66156
5.42255
5.38185
-1.52246
5.32299
5.55329
1.18626
1.85758
5.79912
4.24314
4.38724
3.89639
4.19025
-0.260347
0.918729
4.14657
5.2717
3.15514
1.6189
0.886251
4.11366
1.73093
3.37716
4.70883
5.73603
6.19633
1.71576
6.16805
2.8073
0.982578
5.47408
5.33394
4.37647
5.40585
-1.42905
4.873
-0.660665
1.96472
6.40078
6.30648
5.28081
1.87377
5.47257
5.24629
3.75209
2.37173
3.94195
5.40573
5.19377
4.42397
4.92196
3.54551
6.16456
3.77502
6.07564
2.79126
2.46114
3.9186
4.49229
-0.0307356
3.83995
1.48143
4.8155
1.93458
6.79248
5.74907
5.15859
0.185925
4.30154
-1.25716
6.00876
5.9157
1.67118
5.5968
5.00611
1.77233
1.04581
1.80081
6.21096
3.2787
6.57814
0.186789
-0.387622
5.16214
4.39588
5.81132
2.85519
2.457
0.423229
5.41973
-1.18538
6.50044
5.35214
6.59302
3.09437
0.416353
2.42783
5.02067
-1.50078
6.38838
6.62239
4.98216
4.58257
5.25834
5.21359
3.74892
4.43466
1.11661
4.68355
5.37325
3.10303
1.84076
5.83619
2.08101
1.99468
0.909119
2.04556
5.91453
6.21632
-0.410098
6.30695
1.11287
-0.932362
5.43348
5.02055
4.23125
6.50103
5.10219
5.2044
6.21503
1.09552
5.7729
4.20693
1.52966
6.13627
6.1463
0.07514
3.8149
5.07393
6.52372
4.68793
0.783189
6.14489
1.10131
3.59557
1.75138
5.84966
1.13117
2.38437
3.09437
2.2612
6.28558
-1.64475
-0.724903
5.58831
0.0724566
5.23604
3.89949
5.5648
-0.772086
-2.20512
2.93679
1.85121
5.72048
2.05713
3.57526
1.9817
4.93646
-0.643998
1.12575
1.88299
1.91487
2.30874
3.33819
0.900201
5.08196
1.87434
1.74428
3.18032
3.68472
6.05108
5.12909
4.41892
6.69217
3.14734
5.35025
3.87681
5.67431
4.80099
6.5512
5.01159
0.935757
5.18967
5.07113
1.55436
1.30418
5.1981
2.65862
3.71982
6.09956
5.8894
-0.149378
3.49349
0.139334
-1.60478
5.6097
0.169018
-1.27609
5.45716
4.54341
1.3259
5.44014
4.11293
5.64397
-0.693162
-0.295926
4.52584
4.99573
6.92835
-0.913714
1.17422
5.33219
5.24779
5.2897
6.53348
5.21359
6.92835
4.48125
2.01193
5.20113
4.21112
4.05063
4.02868
4.54191
-1.17451
5.40706
0.843024
3.80552
0.343552
3.07073
6.16333
4.05555
5.3917
4.16541
4.95242
1.20425
5.39967
6.21739
5.96348
1.44343
3.59052
1.21984
4.15646
-2.20659
4.62067
1.3191
4.66528
1.90226
2.72752
5.16084
5.06686
5.45043
-0.561134
5.93607
3.92879
-1.49734
0.158135
5.44621
2.65706
5.21835
-2.43471
4.21182
2.53841
2.46742
1.77557
-0.863669
0.758854
5.67445
6.0496
6.25302
1.94569
6.12318
4.39939
6.6055
4.91951
4.27398
1.31165
5.88874
-1.26698
1.13387
6.50664
5.62159
5.251
2.01022
0.241256
4.06912
-0.408524
6.96177
3.7318
6.73359
1.68858
5.09179
6.35464
0.169887
2.12848
4.09486
5.81847
1.80666
6.24218
1.44311
0.569008
2.5439
2.34547
1.36552
0.314509
2.6679
6.8446
4.34204
-1.27609
5.3571
3.93123
3.25556
4.15179
2.35064
3.65481
4.34939
-1.57207
3.12316
1.90283
6.51618
5.027
4.21895
5.67757
5.94987
4.49321
4.96689
5.46303
2.71102
4.84533
0.753302
-2.19342
3.91041
4.69959
0.0796075
1.55805
5.0401
5.84744
4.45155
-2.63763
5.83714
5.84537
5.08366
4.72886
5.16108
3.74255
6.01182
5.94457
2.33949
4.60002
3.79079
4.68722
4.10981
4.06837
5.24445
0.281442
3.48064
5.70032
2.36861
3.43927
2.37802
4.37985
-0.0293499
4.86801
-0.374636
5.22912
-0.489963
6.3431
5.69414
2.24725
0.459818
2.51476
5.92425
6.05704
1.81514
6.16907
0.425249
1.14163
4.45186
3.80617
-2.22444
6.35786
3.21639
1.7885
0.191973
3.13116
2.83143
3.08323
5.64384
1.36199
-0.138837
3.37597
5.95709
3.85933
5.19833
0.759963
1.70652
3.75639
5.47976
6.7845
2.10648
6.25771
6.38351
5.30311
3.89348
5.4352
5.93607
4.24862
4.94885
0.368257
4.34466
4.34318
4.22121
5.32764
4.82112
0.755524
4.18972
5.36932
2.19526
5.94867
2.37308
4.35754
5.46165
5.07673
4.38387
0.533881
5.98021
0.531528
4.73702
-2.16757
4.64874
4.60396
5.05228
0.240831
-0.730826
1.15981
6.60075
4.27415
5.16509
-0.112168
1.61981
4.03787
3.35082
5.36646
1.07947
6.71984
3.78126
5.71888
1.53244
-2.68095
5.79866
1.55651
4.46861
6.74294
6.16456
5.84299
5.41132
2.68738
5.64161
1.83786
2.32644
0.997952
4.71789
4.59402
4.86906
0.862893
5.88874
5.56599
3.48173
4.43482
5.07052
0.096973
6.43801
2.8702
6.33701
6.09917
-1.33954
-0.87183
5.60806
4.09912
-2.09363
2.8702
4.34318
-0.151779
5.20649
1.50016
5.78489
0.725799
0.647822
4.69496
6.71697
3.24245
-0.143624
-0.869316
5.29954
4.23229
5.75577
1.91286
-1.4036
5.62393
0.958353
5.16793
4.43639
4.75971
5.77911
5.54422
2.44072
6.05053
4.29585
5.51782
4.61443
6.25391
4.40083
6.15783
-0.0674456
2.22589
4.54341
2.34248
5.15788
4.01287
1.91544
3.753
0.0742458
3.97074
1.19326
0.590314
5.14887
4.45077
-1.33561
4.37824
4.20658
4.96904
2.81197
1.71547
5.50778
2.09614
-1.46834
5.53742
6.05928
5.60208
4.84692
3.65142
2.07704
5.1717
4.33827
5.49473
5.10267
5.78002
2.98478
5.06734
3.24515
2.37397
5.29427
1.59911
1.68529
5.11411
3.53369
3.45817
6.39818
4.37438
6.40836
6.34188
4.12718
5.96903
3.50217
5.70682
5.26828
4.48248
4.8563
1.1244
3.13721
5.94816
6.16538
4.45947
2.54698
6.5105
5.3076
6.13907
4.90945
5.97933
5.9167
0.973466
4.42381
6.16477
1.09211
3.00659
5.1632
3.38878
6.93168
0.000525672
5.31476
6.37564
3.21465
3.81403
4.23436
1.62497
3.67855
4.30271
3.78059
3.54865
5.542
5.37241
4.92749
4.24468
4.0018
1.38792
5.64899
4.34056
6.86643
0.754043
4.77377
5.24123
4.09375
-0.330415
5.0234
0.318257
2.3862
6.60312
-0.703697
-2.60474
5.64871
-1.20437
0.0943074
6.39404
-0.239502
5.64217
2.84919
4.77717
7.01387
5.33827
5.31487
4.42539
5.30207
0.672477
6.88951
1.40003
5.81972
5.96556
5.18698
5.79758
-0.250899
2.29069
4.35493
5.62805
-2.41768
-0.824515
-2.29774
4.01268
5.61748
1.48893
1.3045
0.988874
1.76732
2.83424
5.92106
2.78093
6.60244
5.69399
-0.65203
-1.61675
1.80812
3.67283
2.25664
2.15303
5.04158
6.612
6.13488
5.32009
1.62376
